DPU program loaded.
85 
86 
34 
90 
36 
39 
59 
63 
24 
53 
67 
76 
2 
110 
93 
1 
56 
3 
28 
52 
23 
10 
67 90 
90 86 
110 90 
93 90 
90 85 
1 34 
110 85 
110 86 
56 90 
110 36 
76 90 
110 34 
59 85 
3 90 
59 34 
59 39 
63 85 
63 34 
63 39 
63 90 
67 86 
67 34 
93 85 
93 34 
36 90 
67 59 
93 86 
56 85 
2 90 
56 36 
23 59 
53 86 
1 36 
3 34 
28 85 
24 90 
28 86 
76 85 
10 86 
59 90 
63 86 
53 36 
3 86 
59 36 
56 39 
10 85 
56 86 
53 85 
52 86 
36 85 
59 86 
23 85 
2 39 
52 85 
10 34 
39 90 
93 36 
28 39 
3 85 
2 86 
28 34 
28 2 
10 36 
1 90 
1 85 
52 34 
53 59 
2 59 
2 34 
53 34 
1 86 
2 85 
24 36 
39 36 
24 34 
23 86 
24 85 
23 36 
67 85 
93 59 
39 86 
90 34 
39 85 
36 34 
63 59 
36 86 
93 63 
34 86 
86 85 
39 34 
53 63 
1 24 
63 36 
56 34 
23 34 
34 85 
93 39 
2 63 
53 90 
76 67 
76 59 
24 86 
76 34 
76 86 
76 86 85 
76 59 85 
76 59 86 
76 59 34 
28 34 86 
93 36 90 
28 2 85 
2 86 85 
28 2 86 
10 36 85 
28 39 85 
93 36 86 
2 39 90 
93 36 85 
39 90 86 
10 34 85 
10 34 86 
39 90 85 
2 39 86 
52 86 85 
76 67 34 
56 86 85 
2 63 34 
56 39 90 
56 39 85 
59 36 86 
2 39 85 
56 39 86 
3 86 85 
63 86 85 
1 24 34 
59 90 85 
53 63 34 
24 90 85 
63 59 36 
93 63 34 
110 90 86 
53 36 85 
63 36 34 
56 36 90 
1 36 90 
3 34 85 
63 59 34 
1 34 86 
23 59 85 
56 36 86 
93 59 36 
59 36 85 
24 90 86 
28 86 85 
24 90 34 
56 36 85 
39 90 34 
93 90 86 
2 90 85 
93 59 34 
93 34 85 
110 36 85 
56 90 86 
76 90 34 
110 36 34 
3 90 34 
59 36 34 
67 90 34 
59 86 85 
67 90 86 
56 90 34 
63 90 86 
23 59 34 
67 90 85 
2 90 34 
110 90 34 
110 36 90 
3 90 86 
56 36 34 
110 90 85 
59 36 90 
93 90 34 
110 86 85 
76 90 85 
110 36 86 
28 2 34 
76 34 86 
36 90 85 
93 34 86 
67 59 34 
59 34 86 
28 2 39 
53 59 34 
76 90 86 
53 36 34 
59 39 34 
67 59 85 
36 90 86 
63 34 86 
76 34 85 
63 34 85 
24 86 85 
63 39 34 
93 86 85 
67 59 86 
23 36 34 
63 39 86 
63 90 34 
110 34 86 
1 90 34 
67 34 86 
39 36 34 
2 59 39 
24 36 34 
53 86 85 
23 59 86 
59 39 86 
2 59 34 
36 90 34 
1 36 85 
10 86 85 
28 34 85 
2 90 86 
93 63 59 
52 34 86 
53 59 85 
10 36 86 
1 90 85 
53 59 86 
2 59 85 
1 90 86 
1 36 86 
52 34 85 
3 34 86 
53 59 90 
59 90 86 
2 59 86 
2 34 85 
2 59 90 
24 36 85 
2 34 86 
53 34 85 
53 34 86 
1 86 85 
24 36 86 
39 36 85 
53 36 86 
1 36 34 
24 36 90 
23 36 85 
53 36 90 
39 36 86 
24 34 85 
39 36 90 
23 36 86 
24 34 86 
23 86 85 
93 90 85 
90 34 86 
90 86 85 
93 59 86 
39 86 85 
56 39 36 
93 59 85 
59 90 34 
93 59 90 
1 34 85 
36 34 86 
63 59 85 
90 34 85 
36 34 85 
63 59 86 
36 86 85 
56 39 34 
63 59 90 
39 34 85 
56 90 85 
93 63 86 
34 86 85 
93 63 85 
93 63 90 
53 63 86 
1 24 85 
110 34 85 
39 34 86 
53 63 85 
53 63 90 
23 34 86 
3 90 85 
1 24 86 
63 36 85 
1 24 90 
93 39 85 
59 34 85 
63 36 86 
56 34 85 
2 39 34 
63 36 90 
63 39 85 
2 63 85 
59 39 85 
56 34 86 
23 34 85 
53 90 34 
93 36 34 
63 90 85 
2 63 86 
53 90 85 
67 86 85 
53 90 86 
76 67 85 
67 34 85 
76 67 86 
76 67 86 85 
53 90 86 85 
2 63 86 85 
93 36 34 86 
53 90 34 85 
93 36 34 85 
53 90 34 86 
56 34 86 85 
63 36 90 86 
2 39 34 85 
63 36 90 85 
2 39 34 86 
63 36 86 85 
1 24 90 86 
1 24 90 85 
1 24 86 85 
53 63 90 85 
23 34 86 85 
53 63 90 86 
39 34 86 85 
53 63 86 85 
93 63 90 85 
93 63 86 85 
63 59 90 86 
56 39 34 85 
63 59 90 85 
56 39 34 86 
63 59 86 85 
93 59 90 86 
59 90 34 85 
93 59 90 85 
59 90 34 86 
36 34 86 85 
56 39 36 90 
56 39 36 85 
56 39 36 86 
93 59 86 85 
90 34 86 85 
24 34 86 85 
23 36 86 85 
39 36 90 86 
39 36 90 85 
53 36 90 85 
39 36 86 85 
53 36 90 86 
53 36 90 34 
24 36 90 86 
1 36 34 85 
24 36 90 85 
1 36 34 86 
63 36 90 34 
53 36 86 85 
24 36 86 85 
53 34 86 85 
1 24 90 34 
2 34 86 85 
2 59 90 85 
2 59 86 85 
53 59 90 85 
53 63 90 34 
59 90 86 85 
53 59 90 86 
53 59 90 34 
3 34 86 85 
1 36 86 85 
1 90 86 85 
10 36 86 85 
53 59 86 85 
63 59 90 34 
93 63 59 85 
52 34 86 85 
2 90 86 85 
36 90 34 86 
36 90 34 85 
2 59 34 86 
59 39 86 85 
23 59 86 85 
93 59 90 34 
24 36 34 86 
2 59 34 85 
24 36 34 85 
93 59 34 85 
93 90 86 85 
39 90 34 86 
56 90 86 85 
24 90 34 85 
24 90 86 85 
1 36 90 86 
93 59 36 85 
63 59 34 86 
1 34 86 85 
53 63 34 86 
1 36 90 34 
24 90 34 86 
93 59 36 90 
56 36 90 34 
2 39 90 85 
1 24 34 86 
93 63 34 86 
110 90 86 85 
63 36 34 86 
56 36 90 85 
63 59 36 90 
56 36 34 85 
93 63 34 85 
63 59 36 86 
63 59 34 85 
39 90 86 85 
56 36 86 85 
56 39 90 86 
110 36 90 34 
76 67 34 86 
28 2 86 85 
63 59 36 34 
93 36 90 85 
1 90 34 85 
76 59 34 85 
63 59 36 85 
2 39 90 86 
76 67 34 85 
53 63 34 85 
28 34 86 85 
76 59 34 86 
93 36 86 85 
2 39 90 34 
1 36 90 85 
56 36 90 86 
76 59 86 85 
10 34 86 85 
93 59 34 86 
2 39 86 85 
56 39 90 85 
2 63 34 86 
1 24 34 85 
56 39 90 34 
2 63 34 85 
56 39 86 85 
39 90 34 85 
110 36 34 85 
76 90 34 86 
56 90 34 86 
63 90 86 85 
76 90 34 85 
23 59 34 85 
110 36 34 86 
3 90 34 85 
67 90 34 85 
59 36 34 86 
2 90 34 85 
3 90 34 86 
59 36 34 85 
67 90 34 86 
67 90 86 85 
56 90 34 85 
23 59 34 86 
59 36 90 85 
63 36 34 85 
110 90 34 85 
2 90 34 86 
110 90 34 86 
110 36 90 85 
110 36 86 85 
110 36 90 86 
3 90 86 85 
56 36 34 86 
59 36 86 85 
59 36 90 34 
93 34 86 85 
93 90 34 86 
67 59 34 85 
59 36 90 86 
93 90 34 85 
76 34 86 85 
28 2 34 86 
28 2 34 85 
59 34 86 85 
67 59 34 86 
24 36 90 34 
36 90 86 85 
28 2 39 85 
76 90 86 85 
53 59 34 86 
53 59 34 85 
39 36 90 34 
63 39 34 85 
53 36 34 85 
59 39 34 86 
53 36 34 86 
59 39 34 85 
63 34 86 85 
63 39 34 86 
67 59 86 85 
23 36 34 85 
23 36 34 86 
63 39 86 85 
63 90 34 85 
63 90 34 86 
110 34 86 85 
67 34 86 85 
1 90 34 86 
2 59 39 85 
39 36 34 86 
56 39 36 34 
39 36 34 85 
63 90 34 86 85 
23 36 34 86 85 
63 39 34 86 85 
53 36 34 86 85 
39 36 90 34 85 
39 36 90 34 86 
59 36 90 86 85 
59 36 90 34 85 
59 36 90 34 86 
56 36 34 86 85 
110 90 34 86 85 
23 59 34 86 85 
67 90 34 86 85 
3 90 34 86 85 
59 36 34 86 85 
110 36 34 86 85 
76 90 34 86 85 
56 39 90 34 85 
56 39 90 34 86 
93 59 34 86 85 
56 36 90 86 85 
2 39 90 34 85 
2 63 34 86 85 
2 39 90 34 86 
76 59 34 86 85 
63 59 36 34 85 
63 59 36 34 86 
59 39 34 86 85 
53 63 90 34 85 
53 59 34 86 85 
1 24 90 34 85 
24 36 90 34 85 
63 36 90 34 85 
56 39 90 86 85 
24 36 90 34 86 
63 36 90 34 86 
56 90 34 86 85 
1 24 90 86 85 
1 90 34 86 85 
36 90 34 86 85 
67 59 34 86 85 
1 36 34 86 85 
28 2 34 86 85 
24 36 90 86 85 
63 59 36 86 85 
53 36 90 34 85 
53 36 90 34 86 
63 36 90 86 85 
53 36 90 86 85 
53 59 90 86 85 
93 36 34 86 85 
1 24 90 34 86 
53 59 90 34 85 
110 36 90 86 85 
56 39 36 86 85 
93 59 36 90 85 
39 36 90 86 85 
93 59 90 34 86 
2 39 34 86 85 
56 39 34 86 85 
53 63 90 86 85 
93 59 90 34 85 
2 90 34 86 85 
59 90 34 86 85 
63 59 90 34 86 
63 59 90 86 85 
53 59 90 34 86 
93 90 34 86 85 
56 39 36 90 86 
53 90 34 86 85 
56 39 36 90 34 
53 63 34 86 85 
93 59 90 86 85 
1 36 90 86 85 
56 39 36 90 85 
1 36 90 34 85 
63 59 90 34 85 
39 36 34 86 85 
2 59 34 86 85 
24 36 34 86 85 
56 39 36 34 86 
39 90 34 86 85 
63 59 34 86 85 
24 90 34 86 85 
53 63 90 34 86 
56 36 90 34 86 
56 36 90 34 85 
1 24 34 86 85 
93 63 34 86 85 
1 36 90 34 86 
63 36 34 86 85 
63 59 36 90 85 
56 39 36 34 85 
2 39 90 86 85 
110 36 90 34 86 
110 36 90 34 85 
76 67 34 86 85 
110 36 90 34 86 85 
1 36 90 34 86 85 
56 36 90 34 86 85 
56 39 36 90 34 85 
56 39 36 90 34 86 
56 39 90 34 86 85 
93 59 90 34 86 85 
39 36 90 34 86 85 
24 36 90 34 86 85 
2 39 90 34 86 85 
53 63 90 34 86 85 
63 59 36 34 86 85 
53 36 90 34 86 85 
56 39 36 34 86 85 
1 24 90 34 86 85 
63 36 90 34 86 85 
63 59 90 34 86 85 
59 36 90 34 86 85 
53 59 90 34 86 85 
56 39 36 90 86 85 
56 39 36 90 34 86 85 
