85
86
34
90
36
59
63
67
76
93
1
3
52
23
39
2
10
24
53
28
110
56
86 85
34 85
86 34
86 34 85
90 85
90 34
90 86
90 34 85
90 86 85
90 86 34
90 86 34 85
36 85
86 36
34 36
90 36
86 36 85
34 86 36
34 36 85
34 86 36 85
90 36 85
90 34 36
90 86 36
90 34 36 85
90 86 36 85
90 34 86 36
90 34 36 86 85
59 85
34 59
86 59
90 59
59 36
39 59
34 59 85
34 86 59
86 59 85
34 86 59 85
90 59 85
90 86 59
90 34 59
90 86 59 85
90 34 59 85
90 34 86 59
90 34 86 59 85
59 36 85
59 86 36
59 34 36
90 59 36
59 86 36 85
34 59 86 36
59 34 36 85
34 36 86 59 85
90 59 36 85
90 59 34 36
90 59 86 36
90 34 36 59 85
90 36 86 59 85
90 34 36 86 59
90 34 36 86 59 85
39 59 85
39 86 59
39 34 59
39 86 59 85
39 34 59 85
39 34 86 59
34 39 86 59 85
63 85
63 34
63 86
63 90
63 36
63 59
63 39
63 34 85
63 86 34
63 86 85
63 86 34 85
63 90 85
63 90 86
63 90 34
63 90 86 85
63 90 34 85
63 90 86 34
90 34 63 86 85
63 36 85
63 86 36
63 34 36
63 90 36
63 86 36 85
63 34 86 36
63 34 36 85
34 36 63 86 85
63 90 36 85
63 90 34 36
63 90 86 36
90 34 36 63 85
90 36 63 86 85
90 34 36 63 86
90 34 36 63 86 85
63 59 85
63 86 59
63 34 59
63 90 59
63 59 36
63 86 59 85
63 34 86 59
63 34 59 85
34 63 86 59 85
63 90 59 85
63 90 34 59
63 90 86 59
90 34 63 59 85
90 63 86 59 85
90 34 63 86 59
90 34 63 86 59 85
63 59 36 85
63 59 34 36
63 59 86 36
63 90 59 36
34 36 63 59 85
34 36 63 86 59
36 63 86 59 85
34 36 63 86 59 85
90 36 63 59 85
63 39 85
63 39 86
63 39 34
63 39 86 85
63 39 34 85
63 39 86 34
34 63 39 86 85
67 34
67 86
67 85
90 67
67 59
67 86 34
67 86 85
67 34 85
67 86 34 85
90 67 85
90 67 86
90 67 34
90 67 86 85
90 67 34 85
90 67 86 34
90 67 34 86 85
67 59 85
67 86 59
67 34 59
67 86 59 85
67 34 59 85
34 67 86 59
67 34 86 59 85
76 34
76 86
76 85
90 76
76 67
76 59
76 86 34
76 86 85
76 34 85
76 86 34 85
90 76 85
90 76 86
90 76 34
90 76 86 85
90 76 34 85
90 76 86 34
90 34 76 86 85
76 67 85
76 67 86
76 67 34
76 67 86 85
76 67 34 85
76 67 86 34
67 34 76 86 85
76 59 85
76 86 59
76 34 59
76 86 59 85
76 34 59 85
76 34 86 59
34 76 86 59 85
93 85
93 34
93 86
93 59
90 93
93 36
63 93
39 93
93 34 85
93 34 86
85 93 86
85 93 34 86
93 59 85
93 59 86
34 93 59
85 93 59 86
34 93 59 85
34 93 59 86
93 34 86 59 85
90 93 85
90 93 59
90 93 86
90 93 34
90 93 59 85
90 85 93 86
90 93 59 86
90 93 86 59 85
90 93 34 86
90 93 34 85
90 34 93 59
90 93 34 86 85
90 93 34 86 59
90 93 34 59 85
90 93 34 86 59 85
93 36 85
90 93 36
59 93 36
93 36 86
34 93 36
90 93 36 85
59 93 36 85
90 59 93 36
90 93 36 59 85
85 93 36 86
34 93 36 86
34 93 36 85
93 34 36 86 85
63 93 85
63 93 59
63 93 86
63 93 34
63 90 93
63 93 59 85
63 85 93 86
63 93 34 86
63 93 34 85
93 34 63 86 85
63 90 93 85
39 93 85
1 85
1 86
1 34
90 1
1 36
1 24
85 1 86
1 34 85
1 34 86
86 1 34 85
90 1 34
90 1 85
90 1 86
90 1 34 85
90 1 34 86
90 85 1 86
90 34 86 1 85
1 36 86
1 36 85
34 1 36
90 1 36
85 1 36 86
34 1 36 86
90 1 36 86
34 1 36 85
90 1 36 85
90 34 1 36
34 36 86 1 85
90 36 86 1 85
90 34 36 1 86
90 34 36 1 85
90 34 36 86 1 85
1 24 85
1 24 86
1 24 34
90 1 24
85 1 24 86
1 24 34 85
1 24 34 86
34 86 1 24 85
90 1 24 34
90 1 24 85
90 1 24 86
90 34 1 24 85
90 34 1 86 24
90 86 1 24 85
90 34 86 1 24 85
3 85
3 86
3 34
90 3
3 86 85
3 86 34
3 34 85
3 86 34 85
90 3 85
90 3 34
90 3 86
90 3 34 85
90 3 86 85
90 3 86 34
90 34 3 86 85
52 85
52 86
52 34
52 86 85
52 34 85
52 86 34
52 86 34 85
23 34
23 86
23 85
23 36
23 59
23 86 34
23 86 85
23 34 85
23 86 34 85
23 36 85
23 86 36
23 34 36
23 86 36 85
23 34 36 85
34 23 86 36
23 34 36 86 85
23 59 85
23 86 59
23 34 59
23 86 59 85
23 34 59 85
34 23 86 59
23 34 86 59 85
39 85
39 86
39 34
39 90
39 36
39 86 85
39 86 34
39 34 85
39 86 34 85
39 90 85
39 34 90
39 86 90
39 34 90 85
39 86 90 85
39 34 86 90
90 34 39 86 85
39 36 85
39 86 36
39 34 36
39 90 36
39 86 36 85
39 34 86 36
39 34 36 85
34 36 39 86 85
39 90 36 85
39 34 90 36
39 86 36 90
90 34 36 39 85
90 36 39 86 85
90 34 36 39 86
90 34 36 39 86 85
2 85
2 34
2 86
2 39
2 90
2 59
2 63
2 34 85
2 86 34
2 86 85
2 86 34 85
2 39 85
2 39 86
2 39 34
2 39 86 85
2 39 34 85
2 39 86 34
34 2 39 86 85
2 90 85
2 90 86
2 90 34
2 39 90
2 90 86 85
2 90 86 34
2 90 34 85
90 34 2 86 85
2 39 90 85
2 39 34 90
2 39 86 90
90 34 2 39 85
90 2 39 86 85
90 34 2 39 86
90 34 2 39 86 85
2 59 85
2 86 59
2 34 59
2 39 59
2 90 59
2 86 59 85
2 34 86 59
2 34 59 85
34 2 86 59 85
2 39 59 85
2 90 59 85
2 63 85
2 63 86
2 63 34
2 63 86 85
2 63 34 85
2 63 86 34
34 2 63 86 85
10 85
10 86
10 34
10 36
10 86 85
10 34 85
10 86 34
10 86 34 85
10 86 36
10 36 85
10 86 36 85
24 85
86 24
34 24
90 24
24 36
86 24 85
34 24 85
86 24 34
86 24 34 85
90 24 85
90 34 24
90 86 24
90 34 24 85
90 86 24 85
90 86 24 34
90 34 86 24 85
24 36 85
90 24 36
86 24 36
34 24 36
90 24 36 85
86 24 36 85
90 86 24 36
90 36 86 24 85
34 86 24 36
34 24 36 85
90 34 24 36
34 36 86 24 85
90 34 36 86 24
90 34 36 24 85
90 34 36 86 24 85
53 90
53 34
53 86
53 85
53 63
53 59
53 36
53 90 34
53 86 34
53 90 86
53 90 86 34
53 86 85
53 34 85
53 90 85
53 86 34 85
53 90 86 85
53 90 34 85
90 53 34 86 85
53 63 85
53 63 86
53 63 34
53 90 63
53 63 86 85
53 63 34 85
53 90 63 85
53 63 86 34
53 90 63 86
53 90 63 34
53 34 63 86 85
90 53 63 86 85
90 53 34 63 85
90 53 34 63 86
90 53 34 63 86 85
53 59 85
53 86 59
53 34 59
53 90 59
53 86 59 85
53 34 59 85
53 90 59 85
53 34 86 59
53 90 86 59
53 90 34 59
53 34 86 59 85
90 53 86 59 85
90 53 34 59 85
90 53 34 86 59
90 53 34 86 59 85
53 36 85
53 86 36
53 34 36
53 90 36
53 86 36 85
53 34 36 85
53 90 36 85
53 34 86 36
53 90 86 36
53 90 34 36
53 34 36 86 85
90 53 36 86 85
90 53 34 36 85
90 53 34 36 86
90 53 34 36 86 85
28 85
2 28
28 34
28 86
39 28
2 28 85
28 34 85
2 28 34
2 28 34 85
28 34 86
85 28 86
2 28 86
85 28 34 86
2 28 34 86
2 85 28 86
28 34 2 86 85
39 28 85
2 39 28
2 39 28 85
110 85
90 110
110 34
110 86
110 36
90 110 85
110 34 85
90 110 34
90 110 34 85
110 86 34
110 86 85
90 110 86
110 86 34 85
90 110 86 34
90 110 86 85
90 110 34 86 85
110 36 85
90 110 36
110 86 36
110 34 36
90 110 36 85
110 86 36 85
90 110 86 36
90 110 36 86 85
110 34 86 36
110 34 36 85
90 110 34 36
110 34 36 86 85
90 110 34 36 86
90 110 34 36 85
90 110 34 36 86 85
56 34
56 86
56 85
90 56
56 36
39 56
56 86 34
56 86 85
56 34 85
56 86 34 85
56 90 85
90 86 56
90 34 56
56 90 86 85
56 90 34 85
90 86 34 56
90 34 86 56 85
56 36 85
56 86 36
56 34 36
90 36 56
56 86 36 85
56 34 36 85
56 90 36 85
56 34 86 36
90 86 36 56
90 34 36 56
34 36 86 56 85
90 36 86 56 85
90 34 36 56 85
90 34 36 86 56
90 34 36 86 56 85
39 36 56
56 39 85
39 86 56
39 34 56
39 90 56
56 39 36 85
39 86 36 56
39 34 36 56
39 90 36 56
56 39 86 85
56 39 34 85
56 90 39 85
39 86 34 56
39 86 90 56
90 39 34 56
36 39 86 56 85
34 36 39 56 85
90 36 39 56 85
34 36 39 86 56
90 36 39 86 56
90 34 36 39 56
34 39 86 56 85
90 39 86 56 85
90 34 39 56 85
90 34 39 86 56
34 36 39 86 56 85
90 36 39 86 56 85
90 34 36 39 56 85
90 34 36 39 86 56
90 34 39 86 56 85
90 34 36 39 86 56 85
