85 
86 
86 85 
34 
34 85 
34 86 
34 86 85 
90 
90 85 
90 86 
90 86 85 
90 34 
90 34 85 
90 34 86 
90 34 86 85 
36 
36 85 
36 86 
36 86 85 
36 34 
36 34 85 
36 34 86 
36 34 86 85 
36 90 
36 90 85 
36 90 86 
36 90 86 85 
36 90 34 
36 90 34 85 
36 90 34 86 
36 90 34 86 85 
39 
39 85 
39 86 
39 86 85 
39 34 
39 34 85 
39 34 86 
39 34 86 85 
39 90 
39 90 85 
39 90 86 
39 90 86 85 
39 90 34 
39 90 34 85 
39 90 34 86 
39 90 34 86 85 
39 36 
39 36 85 
39 36 86 
39 36 86 85 
39 36 34 
39 36 34 85 
39 36 34 86 
39 36 34 86 85 
39 36 90 
39 36 90 85 
39 36 90 86 
39 36 90 86 85 
39 36 90 34 
39 36 90 34 85 
39 36 90 34 86 
39 36 90 34 86 85 
59 
59 85 
59 86 
59 86 85 
59 34 
59 34 85 
59 34 86 
59 34 86 85 
59 90 
59 90 85 
59 90 86 
59 90 86 85 
59 90 34 
59 90 34 85 
59 90 34 86 
59 90 34 86 85 
59 36 
59 36 85 
59 36 86 
59 36 86 85 
59 36 34 
59 36 34 85 
59 36 34 86 
59 36 34 86 85 
59 36 90 
59 36 90 85 
59 36 90 86 
59 36 90 86 85 
59 36 90 34 
59 36 90 34 85 
59 36 90 34 86 
59 36 90 34 86 85 
59 39 
59 39 85 
59 39 86 
59 39 86 85 
59 39 34 
59 39 34 85 
59 39 34 86 
59 39 34 86 85 
59 39 90 
59 39 90 85 
59 39 90 86 
59 39 90 86 85 
59 39 90 34 
59 39 90 34 85 
59 39 90 34 86 
59 39 90 34 86 85 
59 39 36 
59 39 36 85 
59 39 36 86 
59 39 36 86 85 
59 39 36 34 
59 39 36 34 85 
59 39 36 34 86 
59 39 36 34 86 85 
59 39 36 90 
59 39 36 90 85 
59 39 36 90 86 
59 39 36 90 86 85 
59 39 36 90 34 
59 39 36 90 34 85 
59 39 36 90 34 86 
59 39 36 90 34 86 85 
63 
63 85 
63 86 
63 86 85 
63 34 
63 34 85 
63 34 86 
63 34 86 85 
63 90 
63 90 85 
63 90 86 
63 90 86 85 
63 90 34 
63 90 34 85 
63 90 34 86 
63 90 34 86 85 
63 36 
63 36 85 
63 36 86 
63 36 86 85 
63 36 34 
63 36 34 85 
63 36 34 86 
63 36 34 86 85 
63 36 90 
63 36 90 85 
63 36 90 86 
63 36 90 86 85 
63 36 90 34 
63 36 90 34 85 
63 36 90 34 86 
63 36 90 34 86 85 
63 39 
63 39 85 
63 39 86 
63 39 86 85 
63 39 34 
63 39 34 85 
63 39 34 86 
63 39 34 86 85 
63 39 90 
63 39 90 85 
63 39 90 86 
63 39 90 86 85 
63 39 90 34 
63 39 90 34 85 
63 39 90 34 86 
63 39 90 34 86 85 
63 39 36 
63 39 36 85 
63 39 36 86 
63 39 36 86 85 
63 39 36 34 
63 39 36 34 85 
63 39 36 34 86 
63 39 36 34 86 85 
63 39 36 90 
63 39 36 90 85 
63 59 
63 59 85 
63 59 86 
63 59 86 85 
63 59 34 
63 59 34 85 
63 59 34 86 
63 59 34 86 85 
63 59 90 
63 59 90 85 
63 59 90 86 
63 59 90 86 85 
63 59 90 34 
63 59 90 34 85 
63 59 90 34 86 
63 59 90 34 86 85 
63 59 36 
63 59 36 85 
63 59 36 86 
63 59 36 86 85 
63 59 36 34 
63 59 36 34 85 
63 59 36 34 86 
63 59 36 34 86 85 
63 59 36 90 
63 59 36 90 85 
63 59 36 90 86 
63 59 36 90 86 85 
63 59 36 90 34 
63 59 36 90 34 85 
63 59 36 90 34 86 
63 59 36 90 34 86 85 
63 59 39 
63 59 39 85 
63 59 39 86 
63 59 39 86 85 
63 59 39 34 
63 59 39 34 85 
63 59 39 34 86 
63 59 39 34 86 85 
63 59 39 90 
63 59 39 90 85 
63 59 39 90 86 
63 59 39 90 86 85 
63 59 39 90 34 
63 59 39 90 34 85 
63 59 39 90 34 86 
63 59 39 90 34 86 85 
63 59 39 36 
63 59 39 36 85 
63 59 39 36 86 
63 59 39 36 86 85 
63 59 39 36 34 
63 59 39 36 34 85 
63 59 39 36 34 86 
63 59 39 36 34 86 85 
63 59 39 36 90 
63 59 39 36 90 85 
24 
24 85 
24 86 
24 86 85 
24 34 
24 34 85 
24 34 86 
24 34 86 85 
24 90 
24 90 85 
24 90 86 
24 90 86 85 
24 90 34 
24 90 34 85 
24 90 34 86 
24 90 34 86 85 
24 36 
24 36 85 
24 36 86 
24 36 86 85 
24 36 34 
24 36 34 85 
24 36 34 86 
24 36 34 86 85 
24 36 90 
24 36 90 85 
24 36 90 86 
24 36 90 86 85 
24 36 90 34 
24 36 90 34 85 
24 36 90 34 86 
24 36 90 34 86 85 
24 39 
24 39 85 
53 
53 85 
53 86 
53 86 85 
53 34 
53 34 85 
53 34 86 
53 34 86 85 
53 90 
53 90 85 
53 90 86 
53 90 86 85 
53 90 34 
53 90 34 85 
53 90 34 86 
53 90 34 86 85 
53 36 
53 36 85 
53 36 86 
53 36 86 85 
53 36 34 
53 36 34 85 
53 36 34 86 
53 36 34 86 85 
53 36 90 
53 36 90 85 
53 36 90 86 
53 36 90 86 85 
53 36 90 34 
53 36 90 34 85 
53 36 90 34 86 
53 36 90 34 86 85 
53 39 
53 39 85 
53 39 86 
53 39 86 85 
53 39 34 
53 39 34 85 
53 39 34 86 
53 39 34 86 85 
53 39 90 
53 39 90 85 
53 39 90 86 
53 39 90 86 85 
53 39 90 34 
53 39 90 34 85 
53 39 90 34 86 
53 39 90 34 86 85 
53 59 
53 59 85 
53 59 86 
53 59 86 85 
53 59 34 
53 59 34 85 
53 59 34 86 
53 59 34 86 85 
53 59 90 
53 59 90 85 
53 59 90 86 
53 59 90 86 85 
53 59 90 34 
53 59 90 34 85 
53 59 90 34 86 
53 59 90 34 86 85 
53 59 36 
53 59 36 85 
53 59 36 86 
53 59 36 86 85 
53 59 36 34 
53 59 36 34 85 
53 59 36 34 86 
53 59 36 34 86 85 
53 59 36 90 
53 59 36 90 85 
53 59 36 90 86 
53 59 36 90 86 85 
53 59 36 90 34 
53 59 36 90 34 85 
53 59 36 90 34 86 
53 59 36 90 34 86 85 
53 63 
53 63 85 
53 63 86 
53 63 86 85 
53 63 34 
53 63 34 85 
53 63 34 86 
53 63 34 86 85 
53 63 90 
53 63 90 85 
53 63 90 86 
53 63 90 86 85 
53 63 90 34 
53 63 90 34 85 
53 63 90 34 86 
53 63 90 34 86 85 
53 63 36 
53 63 36 85 
53 63 36 86 
53 63 36 86 85 
53 63 36 34 
53 63 36 34 85 
53 63 36 34 86 
53 63 36 34 86 85 
53 63 36 90 
53 63 36 90 85 
53 63 36 90 86 
53 63 36 90 86 85 
53 63 36 90 34 
53 63 36 90 34 85 
53 63 36 90 34 86 
53 63 36 90 34 86 85 
53 63 59 
53 63 59 85 
53 63 59 86 
53 63 59 86 85 
53 63 59 34 
53 63 59 34 85 
53 63 59 34 86 
53 63 59 34 86 85 
53 63 59 90 
53 63 59 90 85 
53 63 59 90 86 
53 63 59 90 86 85 
53 63 59 90 34 
53 63 59 90 34 85 
53 63 59 90 34 86 
53 63 59 90 34 86 85 
67 
67 85 
67 86 
67 86 85 
67 34 
67 34 85 
67 34 86 
67 34 86 85 
67 90 
67 90 85 
67 90 86 
67 90 86 85 
67 90 34 
67 90 34 85 
67 90 34 86 
67 90 34 86 85 
67 36 
67 36 85 
67 36 86 
67 36 86 85 
67 36 34 
67 36 34 85 
67 36 34 86 
67 36 34 86 85 
67 36 90 
67 36 90 85 
67 36 90 86 
67 36 90 86 85 
67 36 90 34 
67 36 90 34 85 
67 36 90 34 86 
67 36 90 34 86 85 
67 39 
67 39 85 
67 39 86 
67 39 86 85 
67 39 34 
67 39 34 85 
67 39 34 86 
67 39 34 86 85 
67 59 
67 59 85 
67 59 86 
67 59 86 85 
67 59 34 
67 59 34 85 
67 59 34 86 
67 59 34 86 85 
67 59 90 
67 59 90 85 
67 59 90 86 
67 59 90 86 85 
67 59 90 34 
67 59 90 34 85 
67 59 90 34 86 
67 59 90 34 86 85 
67 59 36 
67 59 36 85 
67 59 36 86 
67 59 36 86 85 
67 59 36 34 
67 59 36 34 85 
67 59 36 34 86 
67 59 36 34 86 85 
67 63 
67 63 85 
67 63 86 
67 63 86 85 
67 63 34 
67 63 34 85 
67 63 34 86 
67 63 34 86 85 
67 63 90 
67 63 90 85 
67 63 90 86 
67 63 90 86 85 
67 63 90 34 
67 63 90 34 85 
67 63 90 34 86 
67 63 90 34 86 85 
67 63 59 
67 63 59 85 
67 63 59 86 
67 63 59 86 85 
67 63 59 34 
67 63 59 34 85 
67 63 59 34 86 
67 63 59 34 86 85 
67 53 
67 53 85 
67 53 86 
67 53 86 85 
67 53 34 
67 53 34 85 
67 53 34 86 
67 53 34 86 85 
67 53 90 
67 53 90 85 
67 53 90 86 
67 53 90 86 85 
67 53 90 34 
67 53 90 34 85 
67 53 90 34 86 
67 53 90 34 86 85 
76 
76 85 
76 86 
76 86 85 
76 34 
76 34 85 
76 34 86 
76 34 86 85 
76 90 
76 90 85 
76 90 86 
76 90 86 85 
76 90 34 
76 90 34 85 
76 90 34 86 
76 90 34 86 85 
76 36 
76 36 85 
76 36 86 
76 36 86 85 
76 36 34 
76 36 34 85 
76 36 34 86 
76 36 34 86 85 
76 36 90 
76 36 90 85 
76 36 90 86 
76 36 90 86 85 
76 36 90 34 
76 36 90 34 85 
76 36 90 34 86 
76 36 90 34 86 85 
76 39 
76 39 85 
76 39 86 
76 39 86 85 
76 39 34 
76 39 34 85 
76 39 34 86 
76 39 34 86 85 
76 59 
76 59 85 
76 59 86 
76 59 86 85 
76 59 34 
76 59 34 85 
76 59 34 86 
76 59 34 86 85 
76 59 90 
76 59 90 85 
76 59 90 86 
76 59 90 86 85 
76 59 90 34 
76 59 90 34 85 
76 59 90 34 86 
76 59 90 34 86 85 
76 59 36 
76 59 36 85 
76 59 36 86 
76 59 36 86 85 
76 59 36 34 
76 59 36 34 85 
76 59 36 34 86 
76 59 36 34 86 85 
76 63 
76 63 85 
76 63 86 
76 63 86 85 
76 63 34 
76 63 34 85 
76 63 34 86 
76 63 34 86 85 
76 63 90 
76 63 90 85 
76 63 90 86 
76 63 90 86 85 
76 63 90 34 
76 63 90 34 85 
76 63 90 34 86 
76 63 90 34 86 85 
76 53 
76 53 85 
76 53 86 
76 53 86 85 
76 53 34 
76 53 34 85 
76 53 34 86 
76 53 34 86 85 
76 53 90 
76 53 90 85 
76 53 90 86 
76 53 90 86 85 
76 53 90 34 
76 53 90 34 85 
76 53 90 34 86 
76 53 90 34 86 85 
76 67 
76 67 85 
76 67 86 
76 67 86 85 
76 67 34 
76 67 34 85 
76 67 34 86 
76 67 34 86 85 
76 67 90 
76 67 90 85 
76 67 90 86 
76 67 90 86 85 
76 67 90 34 
76 67 90 34 85 
76 67 90 34 86 
76 67 90 34 86 85 
76 67 59 
76 67 59 85 
76 67 59 86 
76 67 59 86 85 
76 67 59 34 
76 67 59 34 85 
76 67 59 34 86 
76 67 59 34 86 85 
2 
2 85 
2 86 
2 86 85 
2 34 
2 34 85 
2 34 86 
2 34 86 85 
2 90 
2 90 85 
2 90 86 
2 90 86 85 
2 90 34 
2 90 34 85 
2 90 34 86 
2 90 34 86 85 
2 36 
2 36 85 
2 36 86 
2 36 86 85 
2 36 34 
2 36 34 85 
2 36 34 86 
2 36 34 86 85 
2 36 90 
2 36 90 85 
2 36 90 86 
2 36 90 86 85 
2 36 90 34 
2 36 90 34 85 
2 36 90 34 86 
2 36 90 34 86 85 
2 39 
2 39 85 
2 39 86 
2 39 86 85 
2 39 34 
2 39 34 85 
2 39 34 86 
2 39 34 86 85 
2 39 90 
2 39 90 85 
2 39 90 86 
2 39 90 86 85 
2 39 90 34 
2 39 90 34 85 
2 39 90 34 86 
2 39 90 34 86 85 
2 39 36 
2 39 36 85 
2 39 36 86 
2 39 36 86 85 
2 39 36 34 
2 39 36 34 85 
2 39 36 34 86 
2 39 36 34 86 85 
2 39 36 90 
2 39 36 90 85 
2 59 
2 59 85 
2 59 86 
2 59 86 85 
2 59 34 
2 59 34 85 
2 59 34 86 
2 59 34 86 85 
2 59 90 
2 59 90 85 
2 59 90 86 
2 59 90 86 85 
2 59 90 34 
2 59 90 34 85 
2 59 90 34 86 
2 59 90 34 86 85 
2 59 36 
2 59 36 85 
2 59 36 86 
2 59 36 86 85 
2 59 36 34 
2 59 36 34 85 
2 59 36 34 86 
2 59 36 34 86 85 
2 59 36 90 
2 59 36 90 85 
2 59 36 90 86 
2 59 36 90 86 85 
2 59 36 90 34 
2 59 36 90 34 85 
2 59 36 90 34 86 
2 59 36 90 34 86 85 
2 59 39 
2 59 39 85 
2 59 39 86 
2 59 39 86 85 
2 59 39 34 
2 59 39 34 85 
2 59 39 34 86 
2 59 39 34 86 85 
2 59 39 90 
2 59 39 90 85 
2 59 39 90 86 
2 59 39 90 86 85 
2 59 39 90 34 
2 59 39 90 34 85 
2 59 39 90 34 86 
2 59 39 90 34 86 85 
2 59 39 36 
2 59 39 36 85 
2 59 39 36 86 
2 59 39 36 86 85 
2 59 39 36 34 
2 59 39 36 34 85 
2 59 39 36 34 86 
2 59 39 36 34 86 85 
2 59 39 36 90 
2 59 39 36 90 85 
2 63 
2 63 85 
2 63 86 
2 63 86 85 
2 63 34 
2 63 34 85 
2 63 34 86 
2 63 34 86 85 
2 63 90 
2 63 90 85 
2 63 90 86 
2 63 90 86 85 
2 63 90 34 
2 63 90 34 85 
2 63 90 34 86 
2 63 90 34 86 85 
2 63 36 
2 63 36 85 
2 63 36 86 
2 63 36 86 85 
2 63 36 34 
2 63 36 34 85 
2 63 36 34 86 
2 63 36 34 86 85 
2 63 36 90 
2 63 36 90 85 
2 63 39 
2 63 39 85 
2 63 39 86 
2 63 39 86 85 
2 63 39 34 
2 63 39 34 85 
2 63 39 34 86 
2 63 39 34 86 85 
2 63 39 90 
2 63 39 90 85 
2 63 39 90 86 
2 63 39 90 86 85 
2 63 39 90 34 
2 63 39 90 34 85 
2 63 39 90 34 86 
2 63 39 90 34 86 85 
2 63 39 36 
2 63 39 36 85 
2 63 59 
2 63 59 85 
2 63 59 86 
2 63 59 86 85 
2 63 59 34 
2 63 59 34 85 
2 63 59 34 86 
2 63 59 34 86 85 
2 63 59 90 
2 63 59 90 85 
2 63 59 90 86 
2 63 59 90 86 85 
2 63 59 90 34 
2 63 59 90 34 85 
2 63 59 90 34 86 
2 63 59 90 34 86 85 
2 63 59 36 
2 63 59 36 85 
2 63 59 36 86 
2 63 59 36 86 85 
2 63 59 36 34 
2 63 59 36 34 85 
2 63 59 36 34 86 
2 63 59 36 34 86 85 
2 63 59 36 90 
2 63 59 36 90 85 
2 63 59 39 
2 63 59 39 85 
2 63 59 39 86 
2 63 59 39 86 85 
2 63 59 39 34 
2 63 59 39 34 85 
2 63 59 39 34 86 
2 63 59 39 34 86 85 
2 63 59 39 90 
2 63 59 39 90 85 
2 63 59 39 36 
2 63 59 39 36 85 
2 53 
2 53 85 
2 53 86 
2 53 86 85 
2 53 34 
2 53 34 85 
2 53 34 86 
2 53 34 86 85 
2 53 90 
2 53 90 85 
2 53 90 86 
2 53 90 86 85 
2 53 90 34 
2 53 90 34 85 
2 53 90 34 86 
2 53 90 34 86 85 
2 67 
2 67 85 
2 67 86 
2 67 86 85 
2 67 34 
2 67 34 85 
2 67 34 86 
2 67 34 86 85 
2 76 
2 76 85 
2 76 86 
2 76 86 85 
2 76 34 
2 76 34 85 
2 76 34 86 
2 76 34 86 85 
110 
110 85 
110 86 
110 86 85 
110 34 
110 34 85 
110 34 86 
110 34 86 85 
110 90 
110 90 85 
110 90 86 
110 90 86 85 
110 90 34 
110 90 34 85 
110 90 34 86 
110 90 34 86 85 
110 36 
110 36 85 
110 36 86 
110 36 86 85 
110 36 34 
110 36 34 85 
110 36 34 86 
110 36 34 86 85 
110 36 90 
110 36 90 85 
110 36 90 86 
110 36 90 86 85 
110 36 90 34 
110 36 90 34 85 
110 36 90 34 86 
110 36 90 34 86 85 
110 24 
110 24 85 
110 24 86 
110 24 86 85 
110 24 34 
110 24 34 85 
110 24 34 86 
110 24 34 86 85 
110 24 90 
110 24 90 85 
110 24 90 86 
110 24 90 86 85 
110 24 90 34 
110 24 90 34 85 
110 24 90 34 86 
110 24 90 34 86 85 
110 24 36 
110 24 36 85 
110 24 36 86 
110 24 36 86 85 
110 24 36 34 
110 24 36 34 85 
110 24 36 34 86 
110 24 36 34 86 85 
110 24 36 90 
110 24 36 90 85 
110 24 36 90 86 
110 24 36 90 86 85 
110 24 36 90 34 
110 24 36 90 34 85 
110 24 36 90 34 86 
110 24 36 90 34 86 85 
110 53 
110 53 85 
110 53 86 
110 53 86 85 
110 53 34 
110 53 34 85 
110 53 34 86 
110 53 34 86 85 
110 53 90 
110 53 90 85 
110 53 90 86 
110 53 90 86 85 
110 53 90 34 
110 53 90 34 85 
110 53 90 34 86 
110 53 90 34 86 85 
110 53 36 
110 53 36 85 
110 53 36 86 
110 53 36 86 85 
110 53 36 34 
110 53 36 34 85 
110 53 36 34 86 
110 53 36 34 86 85 
110 53 36 90 
110 53 36 90 85 
110 53 36 90 86 
110 53 36 90 86 85 
110 53 36 90 34 
110 53 36 90 34 85 
110 53 36 90 34 86 
110 53 36 90 34 86 85 
93 
93 85 
93 86 
93 86 85 
93 34 
93 34 85 
93 34 86 
93 34 86 85 
93 90 
93 90 85 
93 90 86 
93 90 86 85 
93 90 34 
93 90 34 85 
93 90 34 86 
93 90 34 86 85 
93 36 
93 36 85 
93 36 86 
93 36 86 85 
93 36 34 
93 36 34 85 
93 36 34 86 
93 36 34 86 85 
93 36 90 
93 36 90 85 
93 36 90 86 
93 36 90 86 85 
93 36 90 34 
93 36 90 34 85 
93 36 90 34 86 
93 36 90 34 86 85 
93 39 
93 39 85 
93 39 86 
93 39 86 85 
93 39 34 
93 39 34 85 
93 39 34 86 
93 39 34 86 85 
93 39 90 
93 39 90 85 
93 39 90 86 
93 39 90 86 85 
93 39 90 34 
93 39 90 34 85 
93 39 90 34 86 
93 39 90 34 86 85 
93 39 36 
93 39 36 85 
93 39 36 86 
93 39 36 86 85 
93 39 36 34 
93 39 36 34 85 
93 39 36 34 86 
93 39 36 34 86 85 
93 39 36 90 
93 39 36 90 85 
93 39 36 90 86 
93 39 36 90 86 85 
93 39 36 90 34 
93 39 36 90 34 85 
93 39 36 90 34 86 
93 39 36 90 34 86 85 
93 59 
93 59 85 
93 59 86 
93 59 86 85 
93 59 34 
93 59 34 85 
93 59 34 86 
93 59 34 86 85 
93 59 90 
93 59 90 85 
93 59 90 86 
93 59 90 86 85 
93 59 90 34 
93 59 90 34 85 
93 59 90 34 86 
93 59 90 34 86 85 
93 59 36 
93 59 36 85 
93 59 36 86 
93 59 36 86 85 
93 59 36 34 
93 59 36 34 85 
93 59 36 34 86 
93 59 36 34 86 85 
93 59 36 90 
93 59 36 90 85 
93 59 36 90 86 
93 59 36 90 86 85 
93 59 36 90 34 
93 59 36 90 34 85 
93 59 36 90 34 86 
93 59 36 90 34 86 85 
93 59 39 
93 59 39 85 
93 59 39 86 
93 59 39 86 85 
93 59 39 34 
93 59 39 34 85 
93 59 39 34 86 
93 59 39 34 86 85 
93 59 39 90 
93 59 39 90 85 
93 59 39 90 86 
93 59 39 90 86 85 
93 59 39 90 34 
93 59 39 90 34 85 
93 59 39 90 34 86 
93 59 39 90 34 86 85 
93 59 39 36 
93 59 39 36 85 
93 59 39 36 86 
93 59 39 36 86 85 
93 59 39 36 34 
93 59 39 36 34 85 
93 59 39 36 34 86 
93 59 39 36 34 86 85 
93 59 39 36 90 
93 59 39 36 90 85 
93 59 39 36 90 86 
93 59 39 36 90 86 85 
93 59 39 36 90 34 
93 59 39 36 90 34 85 
93 59 39 36 90 34 86 
93 59 39 36 90 34 86 85 
93 63 
93 63 85 
93 63 86 
93 63 86 85 
93 63 34 
93 63 34 85 
93 63 34 86 
93 63 34 86 85 
93 63 90 
93 63 90 85 
93 63 90 86 
93 63 90 86 85 
93 63 90 34 
93 63 90 34 85 
93 63 90 34 86 
93 63 90 34 86 85 
93 63 36 
93 63 36 85 
93 63 36 86 
93 63 36 86 85 
93 63 36 34 
93 63 36 34 85 
93 63 36 34 86 
93 63 36 34 86 85 
93 63 36 90 
93 63 36 90 85 
93 63 36 90 86 
93 63 36 90 86 85 
93 63 36 90 34 
93 63 36 90 34 85 
93 63 36 90 34 86 
93 63 36 90 34 86 85 
93 63 39 
93 63 39 85 
93 63 39 86 
93 63 39 86 85 
93 63 39 34 
93 63 39 34 85 
93 63 39 34 86 
93 63 39 34 86 85 
93 63 39 90 
93 63 39 90 85 
93 63 39 36 
93 63 39 36 85 
93 63 39 36 90 
93 63 39 36 90 85 
93 63 59 
93 63 59 85 
93 63 59 86 
93 63 59 86 85 
93 63 59 34 
93 63 59 34 85 
93 63 59 34 86 
93 63 59 34 86 85 
93 63 59 90 
93 63 59 90 85 
93 63 59 90 86 
93 63 59 90 86 85 
93 63 59 90 34 
93 63 59 90 34 85 
93 63 59 90 34 86 
93 63 59 90 34 86 85 
93 63 59 36 
93 63 59 36 85 
93 63 59 36 86 
93 63 59 36 86 85 
93 63 59 36 34 
93 63 59 36 34 85 
93 63 59 36 34 86 
93 63 59 36 34 86 85 
93 63 59 36 90 
93 63 59 36 90 85 
93 63 59 36 90 86 
93 63 59 36 90 86 85 
93 63 59 36 90 34 
93 63 59 36 90 34 85 
93 63 59 36 90 34 86 
93 63 59 36 90 34 86 85 
93 63 59 39 
93 63 59 39 85 
93 63 59 39 90 
93 63 59 39 90 85 
93 63 59 39 36 
93 63 59 39 36 85 
93 63 59 39 36 90 
93 63 59 39 36 90 85 
93 67 
93 67 85 
93 67 86 
93 67 86 85 
93 67 34 
93 67 34 85 
93 67 34 86 
93 67 34 86 85 
93 76 
93 76 85 
93 76 86 
93 76 86 85 
93 76 34 
93 76 34 85 
93 76 34 86 
93 76 34 86 85 
93 2 
93 2 85 
93 2 86 
93 2 86 85 
93 2 34 
93 2 34 85 
93 2 34 86 
93 2 34 86 85 
93 2 90 
93 2 90 85 
93 2 90 86 
93 2 90 86 85 
93 2 90 34 
93 2 90 34 85 
93 2 90 34 86 
93 2 90 34 86 85 
93 2 36 
93 2 36 85 
93 2 36 86 
93 2 36 86 85 
93 2 36 34 
93 2 36 34 85 
93 2 36 34 86 
93 2 36 34 86 85 
93 2 36 90 
93 2 36 90 85 
93 2 36 90 86 
93 2 36 90 86 85 
93 2 36 90 34 
93 2 36 90 34 85 
93 2 36 90 34 86 
93 2 36 90 34 86 85 
93 2 39 
93 2 39 85 
93 2 39 86 
93 2 39 86 85 
93 2 39 34 
93 2 39 34 85 
93 2 39 34 86 
93 2 39 34 86 85 
93 2 39 90 
93 2 39 90 85 
93 2 39 36 
93 2 39 36 85 
93 2 39 36 90 
93 2 39 36 90 85 
93 2 59 
93 2 59 85 
93 2 59 86 
93 2 59 86 85 
93 2 59 34 
93 2 59 34 85 
93 2 59 34 86 
93 2 59 34 86 85 
93 2 59 90 
93 2 59 90 85 
93 2 59 90 86 
93 2 59 90 86 85 
93 2 59 90 34 
93 2 59 90 34 85 
93 2 59 90 34 86 
93 2 59 90 34 86 85 
93 2 59 36 
93 2 59 36 85 
93 2 59 36 86 
93 2 59 36 86 85 
93 2 59 36 34 
93 2 59 36 34 85 
93 2 59 36 34 86 
93 2 59 36 34 86 85 
93 2 59 36 90 
93 2 59 36 90 85 
93 2 59 36 90 86 
93 2 59 36 90 86 85 
93 2 59 36 90 34 
93 2 59 36 90 34 85 
93 2 59 36 90 34 86 
93 2 59 36 90 34 86 85 
93 2 59 39 
93 2 59 39 85 
93 2 59 39 86 
93 2 59 39 86 85 
93 2 59 39 34 
93 2 59 39 34 85 
93 2 59 39 34 86 
93 2 59 39 34 86 85 
93 2 59 39 90 
93 2 59 39 90 85 
93 2 59 39 36 
93 2 59 39 36 85 
93 2 59 39 36 90 
93 2 59 39 36 90 85 
93 2 63 
93 2 63 85 
93 2 63 86 
93 2 63 86 85 
93 2 63 34 
93 2 63 34 85 
93 2 63 34 86 
93 2 63 34 86 85 
93 2 63 90 
93 2 63 90 85 
93 2 63 36 
93 2 63 36 85 
93 2 63 36 90 
93 2 63 36 90 85 
93 2 63 39 
93 2 63 39 85 
93 2 63 59 
93 2 63 59 85 
93 2 63 59 86 
93 2 63 59 86 85 
93 2 63 59 34 
93 2 63 59 34 85 
93 2 63 59 34 86 
93 2 63 59 34 86 85 
93 2 63 59 90 
93 2 63 59 90 85 
93 2 63 59 36 
93 2 63 59 36 85 
93 2 63 59 36 90 
93 2 63 59 36 90 85 
93 2 63 59 39 
93 2 63 59 39 85 
1 
1 85 
1 86 
1 86 85 
1 34 
1 34 85 
1 34 86 
1 34 86 85 
1 90 
1 90 85 
1 90 86 
1 90 86 85 
1 90 34 
1 90 34 85 
1 90 34 86 
1 90 34 86 85 
1 36 
1 36 85 
1 36 86 
1 36 86 85 
1 36 34 
1 36 34 85 
1 36 34 86 
1 36 34 86 85 
1 36 90 
1 36 90 85 
1 36 90 86 
1 36 90 86 85 
1 36 90 34 
1 36 90 34 85 
1 36 90 34 86 
1 36 90 34 86 85 
1 24 
1 24 85 
1 24 86 
1 24 86 85 
1 24 34 
1 24 34 85 
1 24 34 86 
1 24 34 86 85 
1 24 90 
1 24 90 85 
1 24 90 86 
1 24 90 86 85 
1 24 90 34 
1 24 90 34 85 
1 24 90 34 86 
1 24 90 34 86 85 
1 24 36 
1 24 36 85 
1 24 36 86 
1 24 36 86 85 
1 24 36 34 
1 24 36 34 85 
1 24 36 34 86 
1 24 36 34 86 85 
1 24 36 90 
1 24 36 90 85 
1 24 36 90 86 
1 24 36 90 86 85 
1 24 36 90 34 
1 24 36 90 34 85 
1 24 36 90 34 86 
1 24 36 90 34 86 85 
1 110 
1 110 85 
1 110 86 
1 110 86 85 
1 110 34 
1 110 34 85 
1 110 34 86 
1 110 34 86 85 
1 110 90 
1 110 90 85 
1 110 90 86 
1 110 90 86 85 
1 110 90 34 
1 110 90 34 85 
1 110 90 34 86 
1 110 90 34 86 85 
1 110 36 
1 110 36 85 
1 110 36 86 
1 110 36 86 85 
1 110 36 34 
1 110 36 34 85 
1 110 36 34 86 
1 110 36 34 86 85 
1 110 36 90 
1 110 36 90 85 
1 110 36 90 86 
1 110 36 90 86 85 
1 110 36 90 34 
1 110 36 90 34 85 
1 110 36 90 34 86 
1 110 36 90 34 86 85 
1 110 24 
1 110 24 85 
1 110 24 86 
1 110 24 86 85 
1 110 24 34 
1 110 24 34 85 
1 110 24 34 86 
1 110 24 34 86 85 
1 110 24 90 
1 110 24 90 85 
1 110 24 90 86 
1 110 24 90 86 85 
1 110 24 90 34 
1 110 24 90 34 85 
1 110 24 90 34 86 
1 110 24 90 34 86 85 
56 
56 85 
56 86 
56 86 85 
56 34 
56 34 85 
56 34 86 
56 34 86 85 
56 90 
56 90 85 
56 90 86 
56 90 86 85 
56 90 34 
56 90 34 85 
56 90 34 86 
56 90 34 86 85 
56 36 
56 36 85 
56 36 86 
56 36 86 85 
56 36 34 
56 36 34 85 
56 36 34 86 
56 36 34 86 85 
56 36 90 
56 36 90 85 
56 36 90 86 
56 36 90 86 85 
56 36 90 34 
56 36 90 34 85 
56 36 90 34 86 
56 36 90 34 86 85 
56 39 
56 39 85 
56 39 86 
56 39 86 85 
56 39 34 
56 39 34 85 
56 39 34 86 
56 39 34 86 85 
56 39 90 
56 39 90 85 
56 39 90 86 
56 39 90 86 85 
56 39 90 34 
56 39 90 34 85 
56 39 90 34 86 
56 39 90 34 86 85 
56 39 36 
56 39 36 85 
56 39 36 86 
56 39 36 86 85 
56 39 36 34 
56 39 36 34 85 
56 39 36 34 86 
56 39 36 34 86 85 
56 39 36 90 
56 39 36 90 85 
56 39 36 90 86 
56 39 36 90 86 85 
56 39 36 90 34 
56 39 36 90 34 85 
56 39 36 90 34 86 
56 39 36 90 34 86 85 
3 
3 85 
3 86 
3 86 85 
3 34 
3 34 85 
3 34 86 
3 34 86 85 
3 90 
3 90 85 
3 90 86 
3 90 86 85 
3 90 34 
3 90 34 85 
3 90 34 86 
3 90 34 86 85 
3 36 
3 36 85 
3 36 86 
3 36 86 85 
3 36 34 
3 36 34 85 
3 36 34 86 
3 36 34 86 85 
3 36 90 
3 36 90 85 
3 36 90 86 
3 36 90 86 85 
3 36 90 34 
3 36 90 34 85 
3 36 90 34 86 
3 36 90 34 86 85 
3 39 
3 39 85 
3 39 86 
3 39 86 85 
3 39 34 
3 39 34 85 
3 39 34 86 
3 39 34 86 85 
28 
28 85 
28 86 
28 86 85 
28 34 
28 34 85 
28 34 86 
28 34 86 85 
28 90 
28 90 85 
28 90 86 
28 90 86 85 
28 90 34 
28 90 34 85 
28 90 34 86 
28 90 34 86 85 
28 39 
28 39 85 
28 39 86 
28 39 86 85 
28 39 34 
28 39 34 85 
28 39 34 86 
28 39 34 86 85 
28 39 90 
28 39 90 85 
28 59 
28 59 85 
28 59 86 
28 59 86 85 
28 59 34 
28 59 34 85 
28 59 34 86 
28 59 34 86 85 
28 59 39 
28 59 39 85 
28 59 39 86 
28 59 39 86 85 
28 59 39 34 
28 59 39 34 85 
28 59 39 34 86 
28 59 39 34 86 85 
28 63 
28 63 85 
28 63 86 
28 63 86 85 
28 63 34 
28 63 34 85 
28 63 34 86 
28 63 34 86 85 
28 63 39 
28 63 39 85 
28 63 39 86 
28 63 39 86 85 
28 63 39 34 
28 63 39 34 85 
28 63 39 34 86 
28 63 39 34 86 85 
28 63 59 
28 63 59 85 
28 2 
28 2 85 
28 2 86 
28 2 86 85 
28 2 34 
28 2 34 85 
28 2 34 86 
28 2 34 86 85 
28 2 90 
28 2 90 85 
28 2 90 86 
28 2 90 86 85 
28 2 90 34 
28 2 90 34 85 
28 2 90 34 86 
28 2 90 34 86 85 
28 2 39 
28 2 39 85 
28 2 39 86 
28 2 39 86 85 
28 2 39 34 
28 2 39 34 85 
28 2 39 34 86 
28 2 39 34 86 85 
28 2 39 90 
28 2 39 90 85 
28 2 59 
28 2 59 85 
28 2 59 86 
28 2 59 86 85 
28 2 59 34 
28 2 59 34 85 
28 2 59 34 86 
28 2 59 34 86 85 
28 2 59 39 
28 2 59 39 85 
28 2 63 
28 2 63 85 
28 2 63 86 
28 2 63 86 85 
28 2 63 34 
28 2 63 34 85 
28 2 63 34 86 
28 2 63 34 86 85 
28 2 63 39 
28 2 63 39 85 
28 2 63 59 
28 2 63 59 85 
52 
52 85 
52 86 
52 86 85 
52 34 
52 34 85 
52 34 86 
52 34 86 85 
52 90 
52 90 85 
52 90 86 
52 90 86 85 
52 90 34 
52 90 34 85 
52 90 34 86 
52 90 34 86 85 
52 36 
52 36 85 
52 36 86 
52 36 86 85 
52 36 34 
52 36 34 85 
52 36 34 86 
52 36 34 86 85 
52 36 90 
52 36 90 85 
52 36 90 86 
52 36 90 86 85 
52 36 90 34 
52 36 90 34 85 
52 36 90 34 86 
52 36 90 34 86 85 
52 39 
52 39 85 
52 39 86 
52 39 86 85 
52 39 34 
52 39 34 85 
52 39 34 86 
52 39 34 86 85 
52 39 36 
52 39 36 85 
23 
23 85 
23 86 
23 86 85 
23 34 
23 34 85 
23 34 86 
23 34 86 85 
23 90 
23 90 85 
23 90 86 
23 90 86 85 
23 90 34 
23 90 34 85 
23 90 34 86 
23 90 34 86 85 
23 36 
23 36 85 
23 36 86 
23 36 86 85 
23 36 34 
23 36 34 85 
23 36 34 86 
23 36 34 86 85 
23 36 90 
23 36 90 85 
23 36 90 86 
23 36 90 86 85 
23 36 90 34 
23 36 90 34 85 
23 36 90 34 86 
23 36 90 34 86 85 
23 39 
23 39 85 
23 39 86 
23 39 86 85 
23 39 34 
23 39 34 85 
23 39 34 86 
23 39 34 86 85 
23 39 90 
23 39 90 85 
23 39 90 86 
23 39 90 86 85 
23 39 90 34 
23 39 90 34 85 
23 39 90 34 86 
23 39 90 34 86 85 
23 39 36 
23 39 36 85 
23 39 36 86 
23 39 36 86 85 
23 39 36 34 
23 39 36 34 85 
23 39 36 34 86 
23 39 36 34 86 85 
23 39 36 90 
23 39 36 90 85 
23 39 36 90 86 
23 39 36 90 86 85 
23 39 36 90 34 
23 39 36 90 34 85 
23 39 36 90 34 86 
23 39 36 90 34 86 85 
23 59 
23 59 85 
23 59 86 
23 59 86 85 
23 59 34 
23 59 34 85 
23 59 34 86 
23 59 34 86 85 
23 59 90 
23 59 90 85 
23 59 90 86 
23 59 90 86 85 
23 59 90 34 
23 59 90 34 85 
23 59 90 34 86 
23 59 90 34 86 85 
23 59 36 
23 59 36 85 
23 59 36 86 
23 59 36 86 85 
23 59 36 34 
23 59 36 34 85 
23 59 36 34 86 
23 59 36 34 86 85 
23 59 36 90 
23 59 36 90 85 
23 59 36 90 86 
23 59 36 90 86 85 
23 59 36 90 34 
23 59 36 90 34 85 
23 59 36 90 34 86 
23 59 36 90 34 86 85 
23 59 39 
23 59 39 85 
23 59 39 86 
23 59 39 86 85 
23 59 39 34 
23 59 39 34 85 
23 59 39 34 86 
23 59 39 34 86 85 
23 59 39 90 
23 59 39 90 85 
23 59 39 90 86 
23 59 39 90 86 85 
23 59 39 90 34 
23 59 39 90 34 85 
23 59 39 90 34 86 
23 59 39 90 34 86 85 
23 59 39 36 
23 59 39 36 85 
23 59 39 36 86 
23 59 39 36 86 85 
23 59 39 36 34 
23 59 39 36 34 85 
23 59 39 36 34 86 
23 59 39 36 34 86 85 
23 59 39 36 90 
23 59 39 36 90 85 
23 59 39 36 90 86 
23 59 39 36 90 86 85 
23 59 39 36 90 34 
23 59 39 36 90 34 85 
23 59 39 36 90 34 86 
23 59 39 36 90 34 86 85 
23 63 
23 63 85 
23 63 86 
23 63 86 85 
23 63 34 
23 63 34 85 
23 63 34 86 
23 63 34 86 85 
23 63 90 
23 63 90 85 
23 63 90 86 
23 63 90 86 85 
23 63 90 34 
23 63 90 34 85 
23 63 90 34 86 
23 63 90 34 86 85 
23 63 36 
23 63 36 85 
23 63 36 86 
23 63 36 86 85 
23 63 36 34 
23 63 36 34 85 
23 63 36 34 86 
23 63 36 34 86 85 
23 63 36 90 
23 63 36 90 85 
23 63 36 90 86 
23 63 36 90 86 85 
23 63 36 90 34 
23 63 36 90 34 85 
23 63 36 90 34 86 
23 63 36 90 34 86 85 
23 63 39 
23 63 39 85 
23 63 39 86 
23 63 39 86 85 
23 63 39 34 
23 63 39 34 85 
23 63 39 34 86 
23 63 39 34 86 85 
23 63 39 36 
23 63 39 36 85 
23 63 39 36 86 
23 63 39 36 86 85 
23 63 39 36 34 
23 63 39 36 34 85 
23 63 39 36 34 86 
23 63 39 36 34 86 85 
23 63 59 
23 63 59 85 
23 63 59 86 
23 63 59 86 85 
23 63 59 34 
23 63 59 34 85 
23 63 59 34 86 
23 63 59 34 86 85 
23 63 59 90 
23 63 59 90 85 
23 63 59 90 86 
23 63 59 90 86 85 
23 63 59 90 34 
23 63 59 90 34 85 
23 63 59 90 34 86 
23 63 59 90 34 86 85 
23 63 59 36 
23 63 59 36 85 
23 63 59 36 86 
23 63 59 36 86 85 
23 63 59 36 34 
23 63 59 36 34 85 
23 63 59 36 34 86 
23 63 59 36 34 86 85 
23 63 59 36 90 
23 63 59 36 90 85 
23 63 59 36 90 86 
23 63 59 36 90 86 85 
23 63 59 36 90 34 
23 63 59 36 90 34 85 
23 63 59 36 90 34 86 
23 63 59 36 90 34 86 85 
23 63 59 39 
23 63 59 39 85 
23 63 59 39 86 
23 63 59 39 86 85 
23 63 59 39 34 
23 63 59 39 34 85 
23 63 59 39 34 86 
23 63 59 39 34 86 85 
23 63 59 39 36 
23 63 59 39 36 85 
23 63 59 39 36 86 
23 63 59 39 36 86 85 
23 63 59 39 36 34 
23 63 59 39 36 34 85 
23 63 59 39 36 34 86 
23 63 59 39 36 34 86 85 
23 2 
23 2 85 
23 2 86 
23 2 86 85 
23 2 34 
23 2 34 85 
23 2 34 86 
23 2 34 86 85 
23 2 90 
23 2 90 85 
23 2 90 86 
23 2 90 86 85 
23 2 90 34 
23 2 90 34 85 
23 2 90 34 86 
23 2 90 34 86 85 
23 2 36 
23 2 36 85 
23 2 36 86 
23 2 36 86 85 
23 2 36 34 
23 2 36 34 85 
23 2 36 34 86 
23 2 36 34 86 85 
23 2 39 
23 2 39 85 
23 2 39 86 
23 2 39 86 85 
23 2 39 34 
23 2 39 34 85 
23 2 39 34 86 
23 2 39 34 86 85 
23 2 39 36 
23 2 39 36 85 
23 2 39 36 86 
23 2 39 36 86 85 
23 2 39 36 34 
23 2 39 36 34 85 
23 2 39 36 34 86 
23 2 39 36 34 86 85 
23 2 59 
23 2 59 85 
23 2 59 86 
23 2 59 86 85 
23 2 59 34 
23 2 59 34 85 
23 2 59 34 86 
23 2 59 34 86 85 
23 2 59 90 
23 2 59 90 85 
23 2 59 90 86 
23 2 59 90 86 85 
23 2 59 90 34 
23 2 59 90 34 85 
23 2 59 90 34 86 
23 2 59 90 34 86 85 
23 2 59 36 
23 2 59 36 85 
23 2 59 36 86 
23 2 59 36 86 85 
23 2 59 36 34 
23 2 59 36 34 85 
23 2 59 36 34 86 
23 2 59 36 34 86 85 
23 2 59 39 
23 2 59 39 85 
23 2 59 39 86 
23 2 59 39 86 85 
23 2 59 39 34 
23 2 59 39 34 85 
23 2 59 39 34 86 
23 2 59 39 34 86 85 
23 2 59 39 36 
23 2 59 39 36 85 
23 2 59 39 36 86 
23 2 59 39 36 86 85 
23 2 59 39 36 34 
23 2 59 39 36 34 85 
23 2 59 39 36 34 86 
23 2 59 39 36 34 86 85 
23 2 63 
23 2 63 85 
23 2 63 86 
23 2 63 86 85 
23 2 63 34 
23 2 63 34 85 
23 2 63 34 86 
23 2 63 34 86 85 
23 2 63 59 
23 2 63 59 85 
23 2 63 59 86 
23 2 63 59 86 85 
23 2 63 59 34 
23 2 63 59 34 85 
23 2 63 59 34 86 
23 2 63 59 34 86 85 
23 93 
23 93 85 
23 93 86 
23 93 86 85 
23 93 34 
23 93 34 85 
23 93 34 86 
23 93 34 86 85 
23 93 90 
23 93 90 85 
23 93 90 86 
23 93 90 86 85 
23 93 90 34 
23 93 90 34 85 
23 93 90 34 86 
23 93 90 34 86 85 
23 93 36 
23 93 36 85 
23 93 36 86 
23 93 36 86 85 
23 93 36 34 
23 93 36 34 85 
23 93 36 34 86 
23 93 36 34 86 85 
23 93 36 90 
23 93 36 90 85 
23 93 36 90 86 
23 93 36 90 86 85 
23 93 36 90 34 
23 93 36 90 34 85 
23 93 36 90 34 86 
23 93 36 90 34 86 85 
23 93 39 
23 93 39 85 
23 93 39 86 
23 93 39 86 85 
23 93 39 34 
23 93 39 34 85 
23 93 39 34 86 
23 93 39 34 86 85 
23 93 39 90 
23 93 39 90 85 
23 93 39 90 86 
23 93 39 90 86 85 
23 93 39 90 34 
23 93 39 90 34 85 
23 93 39 90 34 86 
23 93 39 90 34 86 85 
23 93 39 36 
23 93 39 36 85 
23 93 39 36 86 
23 93 39 36 86 85 
23 93 39 36 34 
23 93 39 36 34 85 
23 93 39 36 34 86 
23 93 39 36 34 86 85 
23 93 39 36 90 
23 93 39 36 90 85 
23 93 39 36 90 86 
23 93 39 36 90 86 85 
23 93 39 36 90 34 
23 93 39 36 90 34 85 
23 93 39 36 90 34 86 
23 93 39 36 90 34 86 85 
23 93 59 
23 93 59 85 
23 93 59 86 
23 93 59 86 85 
23 93 59 34 
23 93 59 34 85 
23 93 59 34 86 
23 93 59 34 86 85 
23 93 59 90 
23 93 59 90 85 
23 93 59 90 86 
23 93 59 90 86 85 
23 93 59 90 34 
23 93 59 90 34 85 
23 93 59 90 34 86 
23 93 59 90 34 86 85 
23 93 59 36 
23 93 59 36 85 
23 93 59 36 86 
23 93 59 36 86 85 
23 93 59 36 34 
23 93 59 36 34 85 
23 93 59 36 34 86 
23 93 59 36 34 86 85 
23 93 59 36 90 
23 93 59 36 90 85 
23 93 59 36 90 86 
23 93 59 36 90 86 85 
23 93 59 36 90 34 
23 93 59 36 90 34 85 
23 93 59 36 90 34 86 
23 93 59 36 90 34 86 85 
23 93 59 39 
23 93 59 39 85 
23 93 59 39 86 
23 93 59 39 86 85 
23 93 59 39 34 
23 93 59 39 34 85 
23 93 59 39 34 86 
23 93 59 39 34 86 85 
23 93 59 39 90 
23 93 59 39 90 85 
23 93 59 39 90 86 
23 93 59 39 90 86 85 
23 93 59 39 90 34 
23 93 59 39 90 34 85 
23 93 59 39 90 34 86 
23 93 59 39 90 34 86 85 
23 93 59 39 36 
23 93 59 39 36 85 
23 93 59 39 36 86 
23 93 59 39 36 86 85 
23 93 59 39 36 34 
23 93 59 39 36 34 85 
23 93 59 39 36 34 86 
23 93 59 39 36 34 86 85 
23 93 59 39 36 90 
23 93 59 39 36 90 85 
23 93 59 39 36 90 86 
23 93 59 39 36 90 86 85 
23 93 59 39 36 90 34 
23 93 59 39 36 90 34 85 
23 93 59 39 36 90 34 86 
23 93 59 39 36 90 34 86 85 
23 93 63 
23 93 63 85 
23 93 63 86 
23 93 63 86 85 
23 93 63 34 
23 93 63 34 85 
23 93 63 34 86 
23 93 63 34 86 85 
23 93 63 90 
23 93 63 90 85 
23 93 63 90 86 
23 93 63 90 86 85 
23 93 63 90 34 
23 93 63 90 34 85 
23 93 63 90 34 86 
23 93 63 90 34 86 85 
23 93 63 36 
23 93 63 36 85 
23 93 63 36 86 
23 93 63 36 86 85 
23 93 63 36 34 
23 93 63 36 34 85 
23 93 63 36 34 86 
23 93 63 36 34 86 85 
23 93 63 36 90 
23 93 63 36 90 85 
23 93 63 36 90 86 
23 93 63 36 90 86 85 
23 93 63 36 90 34 
23 93 63 36 90 34 85 
23 93 63 36 90 34 86 
23 93 63 36 90 34 86 85 
23 93 63 59 
23 93 63 59 85 
23 93 63 59 86 
23 93 63 59 86 85 
23 93 63 59 34 
23 93 63 59 34 85 
23 93 63 59 34 86 
23 93 63 59 34 86 85 
23 93 63 59 90 
23 93 63 59 90 85 
23 93 63 59 90 86 
23 93 63 59 90 86 85 
23 93 63 59 90 34 
23 93 63 59 90 34 85 
23 93 63 59 90 34 86 
23 93 63 59 90 34 86 85 
23 93 63 59 36 
23 93 63 59 36 85 
23 93 63 59 36 86 
23 93 63 59 36 86 85 
23 93 63 59 36 34 
23 93 63 59 36 34 85 
23 93 63 59 36 34 86 
23 93 63 59 36 34 86 85 
23 93 63 59 36 90 
23 93 63 59 36 90 85 
23 93 63 59 36 90 86 
23 93 63 59 36 90 86 85 
23 93 63 59 36 90 34 
23 93 63 59 36 90 34 85 
23 93 63 59 36 90 34 86 
23 93 63 59 36 90 34 86 85 
23 93 2 
23 93 2 85 
23 93 2 86 
23 93 2 86 85 
23 93 2 34 
23 93 2 34 85 
23 93 2 34 86 
23 93 2 34 86 85 
23 93 2 90 
23 93 2 90 85 
23 93 2 90 86 
23 93 2 90 86 85 
23 93 2 90 34 
23 93 2 90 34 85 
23 93 2 90 34 86 
23 93 2 90 34 86 85 
23 93 2 59 
23 93 2 59 85 
23 93 2 59 86 
23 93 2 59 86 85 
23 93 2 59 34 
23 93 2 59 34 85 
23 93 2 59 34 86 
23 93 2 59 34 86 85 
23 93 2 59 90 
23 93 2 59 90 85 
23 93 2 59 90 86 
23 93 2 59 90 86 85 
23 93 2 59 90 34 
23 93 2 59 90 34 85 
23 93 2 59 90 34 86 
23 93 2 59 90 34 86 85 
10 
10 85 
10 86 
10 86 85 
10 34 
10 34 85 
10 34 86 
10 34 86 85 
10 90 
10 90 85 
10 90 86 
10 90 86 85 
10 90 34 
10 90 34 85 
10 90 34 86 
10 90 34 86 85 
10 36 
10 36 85 
10 36 86 
10 36 86 85 
10 36 34 
10 36 34 85 
10 36 34 86 
10 36 34 86 85 
10 36 90 
10 36 90 85 
10 36 90 86 
10 36 90 86 85 
10 36 90 34 
10 36 90 34 85 
10 36 90 34 86 
10 36 90 34 86 85 
6 
6 85 
6 86 
6 86 85 
6 34 
6 34 85 
6 34 86 
6 34 86 85 
6 90 
6 90 85 
6 90 86 
6 90 86 85 
6 90 34 
6 90 34 85 
6 90 34 86 
6 90 34 86 85 
6 36 
6 36 85 
6 36 86 
6 36 86 85 
6 36 34 
6 36 34 85 
6 36 34 86 
6 36 34 86 85 
6 36 90 
6 36 90 85 
6 36 90 86 
6 36 90 86 85 
6 36 90 34 
6 36 90 34 85 
6 36 90 34 86 
6 36 90 34 86 85 
116 
116 85 
116 86 
116 86 85 
116 34 
116 34 85 
116 34 86 
116 34 86 85 
116 90 
116 90 85 
116 90 86 
116 90 86 85 
116 90 34 
116 90 34 85 
116 90 34 86 
116 90 34 86 85 
116 36 
116 36 85 
116 36 86 
116 36 86 85 
116 36 34 
116 36 34 85 
116 36 34 86 
116 36 34 86 85 
116 36 90 
116 36 90 85 
116 36 90 86 
116 36 90 86 85 
116 36 90 34 
116 36 90 34 85 
116 36 90 34 86 
116 36 90 34 86 85 
94 
94 85 
94 86 
94 86 85 
94 34 
94 34 85 
94 34 86 
94 34 86 85 
94 90 
94 90 85 
94 90 86 
94 90 86 85 
94 90 34 
94 90 34 85 
94 90 34 86 
94 90 34 86 85 
94 24 
94 24 85 
94 24 86 
94 24 86 85 
94 24 34 
94 24 34 85 
94 24 34 86 
94 24 34 86 85 
94 24 90 
94 24 90 85 
94 24 90 86 
94 24 90 86 85 
94 24 90 34 
94 24 90 34 85 
94 24 90 34 86 
94 24 90 34 86 85 
9 
9 85 
38 
38 85 
38 86 
38 86 85 
38 34 
38 34 85 
38 34 86 
38 34 86 85 
38 90 
38 90 85 
38 90 86 
38 90 86 85 
38 90 34 
38 90 34 85 
38 90 34 86 
38 90 34 86 85 
