85
86
34
90
36
59
63
67
76
93
1
3
52
23
9
38
39
2
10
24
53
28
94
110
6
56
116
85 86
34 85
34 86
34 85 86
85 90
34 90
90 86
34 85 90
90 85 86
34 90 86
90 34 85 86
36 85
36 86
36 34
36 90
36 85 86
36 34 86
36 34 85
36 34 85 86
36 85 90
36 34 90
36 90 86
36 34 85 90
36 90 85 86
36 34 90 86
36 34 90 86 85
85 59
34 59
59 86
90 59
36 59
39 59
34 85 59
59 34 86
59 85 86
59 34 85 86
90 85 59
59 90 86
34 90 59
59 90 85 86
90 34 85 59
59 90 34 86
34 59 90 86 85
36 85 59
36 59 86
36 34 59
36 90 59
36 59 85 86
36 59 34 86
36 34 85 59
36 34 59 86 85
36 90 85 59
36 34 90 59
36 59 90 86
36 34 59 90 85
36 59 90 86 85
36 34 59 90 86
36 34 59 90 86 85
39 85 59
39 59 86
39 34 59
39 90 59
36 39 59
39 59 85 86
39 59 34 86
39 34 85 59
39 34 59 86 85
39 90 85 59
39 34 90 59
39 59 90 86
39 34 59 90 85
39 59 90 86 85
39 34 59 90 86
39 34 59 90 86 85
36 39 85 59
36 39 34 59
36 39 59 86
36 39 90 59
39 36 34 59 85
39 36 34 59 86
39 36 59 86 85
39 36 34 59 86 85
39 36 59 90 85
39 36 59 90 86
39 36 34 90 59
39 36 59 90 86 85
39 36 34 59 90 85
39 36 34 59 90 86
39 36 34 59 90 86 85
63 85
34 63
63 86
63 90
36 63
63 59
63 39
63 34 85
63 34 86
63 85 86
63 34 85 86
63 90 85
63 90 86
63 34 90
63 90 85 86
63 90 34 85
63 90 34 86
34 63 90 86 85
36 63 85
36 63 86
36 34 63
36 63 90
36 63 85 86
36 63 34 86
36 63 34 85
36 34 63 86 85
36 63 90 85
36 63 34 90
36 63 90 86
36 34 63 90 85
36 63 90 86 85
36 34 63 90 86
36 34 63 90 86 85
63 85 59
63 59 86
63 34 59
63 90 59
36 63 59
63 59 85 86
63 59 34 86
63 34 85 59
34 63 59 86 85
63 90 85 59
63 90 34 59
63 59 90 86
34 63 59 90 85
63 59 90 86 85
34 63 59 90 86
34 59 90 63 86 85
36 63 85 59
36 63 34 59
36 63 59 86
36 63 90 59
36 34 63 59 85
36 34 63 59 86
36 63 59 86 85
36 34 63 59 86 85
36 63 59 90 85
36 63 59 90 86
36 34 63 90 59
36 63 59 90 86 85
36 34 63 59 90 85
36 34 63 59 90 86
36 34 63 59 90 86 85
63 85 39
39 63 86
63 34 39
39 63 59
63 90 39
36 63 39
39 63 85 86
39 63 34 86
39 63 34 85
39 34 63 86 85
39 63 85 59
39 63 34 59
63 39 59 86
39 34 63 59 85
39 63 59 86 85
39 34 63 59 86
39 34 63 59 86 85
39 63 90 85
63 90 34 39
39 63 90 86
39 63 90 59
39 34 63 90 85
39 34 63 90 86
39 63 90 86 85
39 34 63 90 86 85
39 63 59 90 85
39 63 59 90 86
39 34 63 90 59
39 63 59 90 86 85
39 34 63 59 90 85
39 34 63 59 90 86
39 34 63 59 90 86 85
36 63 85 39
36 39 63 59
36 63 34 39
36 39 63 86
36 63 90 39
39 36 63 59 85
39 36 34 63 85
39 36 34 63 59
39 36 34 63 59 85
39 36 34 63 86
39 36 63 86 85
39 36 63 59 86
39 36 34 63 86 85
39 36 34 63 59 86
39 36 63 59 86 85
39 36 34 63 59 86 85
39 36 63 90 85
39 36 63 90 59
39 36 63 59 90 85
34 67
67 86
67 85
67 90
67 59
36 67
67 63
67 39
53 67
34 67 86
67 85 86
34 67 85
34 67 85 86
67 85 90
90 67 86
34 67 90
90 67 85 86
34 67 85 90
34 90 67 86
34 90 67 86 85
67 85 59
59 67 86
34 67 59
90 67 59
59 67 85 86
34 67 85 59
90 67 85 59
59 34 67 86
59 90 67 86
34 90 67 59
34 59 67 86 85
59 90 67 86 85
34 59 90 67 85
34 59 90 67 86
34 59 90 67 86 85
36 67 85
36 67 86
36 34 67
36 67 90
36 67 59
36 67 85 86
36 34 67 86
36 34 67 85
36 34 67 86 85
36 34 67 90
36 90 67 86
36 67 85 90
36 34 90 67 86
36 34 90 67 85
36 90 67 86 85
36 34 90 67 86 85
36 34 67 59
36 59 67 86
36 67 85 59
36 34 59 67 86
36 34 59 67 85
36 59 67 86 85
36 34 59 67 86 85
63 67 85
63 67 86
34 67 63
63 67 90
63 67 59
63 67 85 86
63 34 67 86
63 34 67 85
34 63 67 86 85
63 34 67 90
63 90 67 86
63 90 67 85
34 63 90 67 86
34 63 90 67 85
63 90 67 86 85
34 63 90 67 86 85
63 34 67 59
63 59 67 86
63 67 85 59
34 63 59 67 86
34 63 59 67 85
63 59 67 86 85
34 63 59 67 86 85
67 85 39
39 67 86
34 67 39
39 67 85 86
34 67 85 39
39 34 67 86
39 34 67 86 85
53 67 90
53 67 85
53 67 86
53 34 67
53 67 85 90
53 90 67 86
53 34 67 90
53 67 85 86
53 34 67 85
53 34 67 86
90 67 86 85 53
34 90 67 85 53
34 90 67 86 53
34 67 86 85 53
34 90 67 86 85 53
34 76
76 86
85 76
76 90
67 76
76 59
36 76
63 76
76 39
53 76
76 34 86
76 85 86
34 85 76
76 34 85 86
76 85 90
76 90 86
76 34 90
76 90 85 86
76 34 85 90
76 34 90 86
76 34 90 86 85
67 85 76
76 67 86
34 67 76
76 67 90
76 67 85 86
34 67 85 76
76 67 85 90
76 34 67 86
76 90 67 86
76 34 67 90
76 34 67 86 85
76 90 67 86 85
76 34 90 67 85
76 34 90 67 86
76 34 90 67 86 85
76 85 59
76 59 86
76 34 59
76 90 59
76 67 59
76 59 85 86
76 59 34 86
76 34 85 59
76 34 59 86 85
76 34 90 59
76 59 90 86
76 90 85 59
76 34 59 90 86
76 34 59 90 85
76 59 90 86 85
76 34 59 90 86 85
76 34 67 59
76 59 67 86
76 67 85 59
76 34 59 67 86
76 34 59 67 85
76 59 67 86 85
76 34 59 67 86 85
36 85 76
36 76 86
36 34 76
36 76 90
36 76 59
36 85 76 86
36 34 76 86
36 34 76 85
76 36 34 86 85
36 34 76 90
36 90 76 86
36 85 76 90
76 36 34 90 86
76 36 34 90 85
76 36 90 86 85
76 36 34 90 86 85
36 34 76 59
36 59 76 86
36 85 76 59
76 36 34 59 86
76 36 34 59 85
76 36 59 86 85
76 36 34 59 86 85
76 63 85
76 63 86
63 34 76
76 63 90
76 63 85 86
76 63 34 85
76 63 85 90
76 63 34 86
76 63 90 86
76 63 34 90
76 34 63 86 85
76 63 90 86 85
76 34 63 90 85
76 34 63 90 86
76 34 63 90 86 85
76 85 39
76 39 86
76 34 39
76 39 85 86
76 34 85 39
76 39 34 86
76 39 34 86 85
76 53 90
53 85 76
76 53 86
53 34 76
76 53 85 90
76 53 90 86
76 53 34 90
76 53 85 86
53 34 85 76
76 53 34 86
76 90 86 85 53
76 34 90 85 53
76 34 90 86 53
76 34 86 85 53
76 34 90 86 85 53
93 85
34 93
93 86
93 59
93 90
36 93
93 63
93 76
67 93
93 39
2 93
34 93 85
34 93 86
93 85 86
34 93 85 86
93 85 59
86 93 59
34 93 59
86 93 85 59
34 93 85 59
34 86 93 59
34 59 86 85 93
93 85 90
90 93 59
90 93 86
34 93 90
90 93 85 59
90 93 85 86
90 86 93 59
59 90 86 85 93
34 90 93 86
34 90 93 85
34 90 93 59
34 90 86 85 93
34 59 90 86 93
34 59 90 85 93
34 59 90 86 85 93
36 93 85
36 93 90
36 93 59
36 93 86
36 34 93
36 93 85 90
36 93 85 59
36 90 93 59
36 59 90 85 93
36 93 85 86
36 90 93 86
36 86 93 59
36 90 86 85 93
36 59 86 85 93
36 59 90 86 93
36 59 90 86 85 93
36 34 93 86
36 34 93 85
36 34 93 90
36 34 93 59
36 34 86 85 93
36 34 90 85 93
36 34 90 86 93
36 34 90 86 85 93
36 34 59 85 93
36 34 59 86 93
36 34 90 59 93
36 34 59 86 85 93
36 34 59 90 85 93
36 34 59 90 86 93
36 34 59 90 86 85 93
63 93 85
63 93 59
63 93 86
34 93 63
63 93 90
36 93 63
63 93 85 59
63 93 85 86
63 86 93 59
63 59 86 85 93
63 34 93 86
63 34 93 85
63 34 93 59
34 63 86 85 93
34 63 59 86 93
34 63 59 85 93
34 59 63 86 85 93
63 90 93 85
63 90 93 59
63 34 93 90
63 90 93 86
63 59 90 85 93
34 63 90 85 93
34 63 90 59 93
34 59 90 63 85 93
34 63 90 86 93
63 90 86 85 93
63 59 90 86 93
34 90 63 86 85 93
34 59 90 63 86 93
63 59 90 86 85 93
34 59 90 63 86 85 93
36 63 93 85
36 63 93 59
36 63 93 90
36 34 93 63
36 63 93 86
36 63 59 85 93
36 63 90 85 93
36 63 90 59 93
36 63 59 90 85 93
36 34 63 85 93
36 34 63 59 93
36 34 63 90 93
36 34 59 63 85 93
36 34 90 63 85 93
36 34 90 59 63 93
36 34 59 90 63 85 93
36 34 63 86 93
36 63 86 85 93
36 63 59 86 93
36 63 90 86 93
36 34 63 86 85 93
36 63 59 86 85 93
36 34 63 59 86 93
36 34 63 59 86 85 93
36 63 90 86 85 93
36 34 63 90 86 93
36 63 59 90 86 93
36 34 63 90 86 85 93
36 63 59 90 86 85 93
36 34 63 59 90 86 93
36 34 63 59 90 86 85 93
76 93 86
34 93 76
93 85 76
76 34 93 86
76 93 85 86
76 34 93 85
76 34 86 85 93
67 93 86
67 34 93
67 93 85
67 34 93 86
67 93 85 86
67 34 93 85
34 67 86 85 93
93 85 39
86 93 39
34 93 39
36 93 39
39 93 59
90 93 39
63 93 39
86 93 85 39
34 86 93 39
34 93 85 39
39 34 86 85 93
36 93 85 39
36 34 93 39
36 86 93 39
39 36 34 85 93
39 36 86 85 93
39 36 34 86 93
39 36 34 86 85 93
39 93 85 59
36 39 93 59
39 34 93 59
39 86 93 59
39 36 59 85 93
39 34 59 85 93
39 36 34 59 93
39 36 34 59 85 93
39 34 59 86 93
39 59 86 85 93
39 36 59 86 93
39 34 59 86 85 93
39 36 34 59 86 93
39 36 59 86 85 93
39 36 34 59 86 85 93
36 90 93 39
90 93 85 39
39 90 93 59
34 90 93 39
39 90 93 86
39 36 90 85 93
39 59 90 85 93
39 36 90 59 93
39 36 59 90 85 93
39 34 90 85 93
39 36 34 90 93
39 34 90 59 93
39 36 34 90 85 93
39 34 59 90 85 93
39 36 34 90 59 93
39 36 34 59 90 85 93
39 34 90 86 93
39 90 86 85 93
39 36 90 86 93
39 59 90 86 93
39 34 90 86 85 93
39 36 34 90 86 93
39 34 59 90 86 93
39 36 90 86 85 93
39 59 90 86 85 93
39 36 59 90 86 93
39 36 34 90 86 85 93
39 34 59 90 86 85 93
39 36 34 59 90 86 93
39 36 59 90 86 85 93
39 36 34 59 90 86 85 93
63 93 85 39
39 63 93 59
36 63 93 39
63 34 93 39
63 86 93 39
63 90 93 39
39 63 59 85 93
39 36 63 85 93
39 36 63 59 93
39 36 63 59 85 93
39 34 63 85 93
39 34 63 86 93
39 63 86 85 93
39 34 63 86 85 93
39 36 63 90 93
39 63 90 85 93
39 63 90 59 93
39 36 63 90 85 93
39 36 63 90 59 93
39 63 59 90 85 93
39 36 63 59 90 85 93
2 93 85
2 93 59
2 93 39
2 93 86
2 34 93
2 93 90
2 93 63
36 2 93
2 93 85 59
2 93 85 39
39 2 93 59
39 59 2 85 93
2 93 85 86
2 86 93 59
39 2 93 86
59 2 86 85 93
39 2 86 85 93
39 59 2 86 93
39 59 2 86 85 93
2 34 93 86
2 34 93 85
2 34 93 59
2 34 93 39
34 2 86 85 93
34 59 2 85 93
34 59 2 86 93
34 59 2 86 85 93
39 34 2 85 93
39 34 2 86 93
39 34 59 2 93
39 34 2 86 85 93
39 34 59 2 85 93
39 34 59 2 86 93
39 34 59 2 86 85 93
2 90 93 59
2 90 93 85
2 34 93 90
2 90 93 86
2 90 93 39
59 90 2 85 93
34 90 2 85 93
34 90 59 2 93
34 59 90 2 85 93
34 90 2 86 93
90 2 86 85 93
59 90 2 86 93
34 90 2 86 85 93
34 59 90 2 86 93
59 90 2 86 85 93
34 59 90 2 86 85 93
39 90 2 85 93
39 90 59 2 93
39 59 90 2 85 93
63 93 2 85
63 93 2 59
63 93 2 90
2 34 93 63
63 93 2 86
63 93 2 39
63 59 2 85 93
63 90 59 2 93
63 90 2 85 93
63 59 90 2 85 93
34 63 2 85 93
34 63 59 2 93
34 63 59 2 85 93
34 63 2 86 93
63 2 86 85 93
63 59 2 86 93
34 63 2 86 85 93
34 63 59 2 86 93
63 59 2 86 85 93
34 59 63 2 86 85 93
39 63 2 85 93
39 63 59 2 93
39 63 59 2 85 93
36 2 93 85
36 2 93 59
36 2 93 90
36 2 93 39
36 2 34 93
36 2 93 86
36 2 93 63
36 59 2 85 93
36 90 59 2 93
36 90 2 85 93
36 59 90 2 85 93
39 36 2 85 93
39 36 59 2 93
39 36 90 2 93
39 36 59 2 85 93
39 36 90 2 85 93
39 36 90 59 2 93
39 36 59 90 2 85 93
36 34 2 85 93
36 34 59 2 93
36 34 90 2 93
36 34 59 2 85 93
36 34 90 2 85 93
36 34 90 59 2 93
36 34 59 90 2 85 93
36 34 2 86 93
36 2 86 85 93
36 59 2 86 93
36 90 2 86 93
36 34 2 86 85 93
36 34 59 2 86 93
36 34 90 2 86 93
36 59 2 86 85 93
36 90 2 86 85 93
36 59 90 2 86 93
36 34 59 2 86 85 93
36 34 90 2 86 85 93
36 34 59 90 2 86 93
36 59 90 2 86 85 93
36 34 59 90 2 86 85 93
36 63 59 2 93
36 63 2 85 93
36 63 90 2 93
36 63 59 2 85 93
36 63 90 59 2 93
36 63 90 2 85 93
36 63 59 90 2 85 93
1 85
1 86
1 34
1 90
1 36
1 110
1 24
1 85 86
1 34 85
1 34 86
1 34 86 85
1 34 90
1 85 90
1 90 86
1 34 90 85
1 34 90 86
1 90 85 86
1 34 90 86 85
1 36 86
1 36 85
1 34 36
1 36 90
1 85 36 86
1 34 36 86
1 90 36 86
1 34 36 85
1 85 36 90
1 34 36 90
1 36 34 86 85
1 36 90 86 85
1 36 34 90 86
1 36 34 90 85
1 36 34 90 86 85
1 110 34
1 110 86
1 110 85
1 110 36
1 110 90
1 110 24
1 110 34 86
1 110 85 86
1 110 34 85
1 34 86 85 110
1 110 36 85
1 110 36 86
1 110 34 36
1 36 86 85 110
1 36 34 85 110
1 36 34 86 110
1 36 34 86 85 110
1 110 85 90
1 110 86 90
1 110 34 90
1 110 36 90
1 90 86 85 110
1 34 90 85 110
1 36 90 85 110
1 34 90 86 110
1 36 90 86 110
1 36 34 90 110
1 34 90 86 85 110
1 36 90 86 85 110
1 36 34 90 85 110
1 36 34 90 86 110
1 36 34 90 86 85 110
1 110 24 90
1 110 24 85
1 110 24 86
1 110 24 34
24 1 90 85 110
24 1 90 86 110
24 1 34 90 110
24 1 86 85 110
24 1 34 85 110
24 1 34 86 110
1 90 86 85 110 24
24 1 34 90 85 110
24 1 34 90 86 110
24 1 34 86 85 110
1 34 90 86 85 110 24
1 24 85
1 24 86
1 24 34
1 24 90
1 24 36
1 24 85 86
1 24 34 85
1 24 34 86
1 34 86 85 24
1 24 34 90
1 24 85 90
1 24 90 86
1 34 90 85 24
1 34 90 86 24
1 90 86 85 24
1 34 90 86 85 24
1 24 36 86
1 24 36 85
1 24 34 36
1 24 36 90
1 36 86 85 24
1 36 34 86 24
1 36 90 86 24
1 36 34 85 24
1 36 90 85 24
1 36 34 90 24
1 36 34 86 85 24
1 36 90 86 85 24
1 36 34 90 86 24
1 36 34 90 85 24
1 36 34 90 86 85 24
85 3
86 3
34 3
90 3
36 3
39 3
85 86 3
34 86 3
34 85 3
34 85 86 3
85 90 3
34 90 3
90 86 3
34 85 90 3
90 85 86 3
34 90 86 3
34 90 86 85 3
36 85 3
36 86 3
36 34 3
36 90 3
36 85 86 3
36 34 86 3
36 34 85 3
36 34 86 85 3
36 85 90 3
36 34 90 3
36 90 86 3
36 34 90 85 3
36 90 86 85 3
36 34 90 86 3
36 34 90 86 85 3
85 39 3
39 86 3
34 39 3
39 85 86 3
34 85 39 3
39 34 86 3
39 34 86 85 3
52 85
52 86
34 52
36 52
52 90
52 39
85 52 86
34 52 85
34 52 86
34 85 52 86
36 52 85
36 52 86
36 34 52
36 85 52 86
36 34 52 85
36 34 52 86
36 34 52 86 85
85 52 90
36 52 90
34 52 90
90 52 86
36 85 52 90
34 90 52 85
36 34 52 90
36 34 52 90 85
34 90 52 86
90 85 52 86
36 90 52 86
34 52 90 86 85
36 34 52 90 86
36 52 90 86 85
36 34 52 90 86 85
85 52 39
39 52 86
34 52 39
36 52 39
39 85 52 86
39 34 52 86
34 85 52 39
39 34 52 86 85
36 85 52 39
34 23
23 86
23 85
36 23
23 59
93 23
23 90
23 63
23 39
2 23
34 23 86
85 23 86
34 23 85
34 85 23 86
36 23 85
36 23 86
36 34 23
36 85 23 86
36 34 23 85
36 34 23 86
36 34 23 86 85
85 23 59
59 23 86
34 23 59
36 23 59
59 85 23 86
34 85 23 59
36 85 23 59
59 34 23 86
36 59 23 86
36 34 23 59
34 23 59 86 85
36 23 59 86 85
36 34 23 59 85
36 34 23 59 86
36 34 23 59 86 85
93 23 85
93 23 86
34 93 23
36 93 23
93 23 59
85 93 23 86
34 93 23 86
34 93 23 85
34 23 86 85 93
36 34 93 23
36 93 23 86
36 93 23 85
36 34 23 86 93
36 34 23 85 93
36 23 86 85 93
36 34 23 86 85 93
34 93 23 59
86 93 23 59
85 93 23 59
36 93 23 59
34 23 59 86 93
34 23 59 85 93
36 34 23 59 93
23 59 86 85 93
36 23 59 86 93
36 23 59 85 93
34 23 59 86 85 93
36 34 23 59 86 93
36 34 23 59 85 93
36 23 59 86 85 93
36 34 23 59 86 85 93
93 23 90
85 23 90
90 23 86
34 23 90
36 23 90
90 23 59
85 93 23 90
90 85 23 86
90 93 23 86
23 90 86 85 93
34 90 23 86
34 90 23 85
34 93 23 90
34 23 90 86 85
34 23 90 86 93
34 23 90 85 93
34 23 90 86 85 93
36 34 23 90
36 90 23 86
36 85 23 90
36 93 23 90
36 34 23 90 86
36 34 23 90 85
36 34 23 90 93
36 23 90 86 85
36 23 90 86 93
36 23 90 85 93
36 34 23 90 86 85
36 34 23 90 86 93
36 34 23 90 85 93
36 23 90 86 85 93
36 34 23 90 86 85 93
34 90 23 59
59 90 23 86
90 85 23 59
90 93 23 59
36 90 23 59
34 23 59 90 86
34 23 59 90 85
34 23 90 59 93
36 34 23 90 59
23 59 90 86 85
23 59 90 86 93
36 23 59 90 86
23 59 90 85 93
36 23 59 90 85
36 23 90 59 93
34 23 59 90 86 85
34 23 59 90 86 93
36 34 23 59 90 86
34 23 59 90 85 93
36 34 23 59 90 85
36 34 23 90 59 93
23 59 90 86 85 93
36 23 59 90 86 85
36 23 59 90 86 93
36 23 59 90 85 93
34 23 59 90 86 85 93
36 34 23 59 90 86 85
36 34 23 59 90 86 93
36 34 23 59 90 85 93
36 23 59 90 86 85 93
36 34 23 59 90 86 85 93
63 23 85
63 23 86
34 23 63
63 23 59
36 23 63
93 23 63
63 23 90
63 85 23 86
63 34 23 86
63 34 23 85
34 23 63 86 85
63 34 23 59
63 59 23 86
63 85 23 59
34 23 63 59 86
34 23 63 59 85
23 63 59 86 85
34 23 59 63 86 85
36 34 23 63
36 63 23 86
36 63 23 85
36 63 23 59
36 34 23 63 86
36 34 23 63 85
36 34 23 63 59
36 23 63 86 85
36 23 63 59 86
36 23 63 59 85
36 34 23 63 86 85
36 34 23 63 59 86
36 34 23 63 59 85
36 23 63 59 86 85
36 34 23 59 63 86 85
34 93 23 63
63 93 23 86
63 93 23 85
63 93 23 59
36 93 23 63
34 23 63 86 93
23 63 86 85 93
34 23 63 85 93
34 23 63 86 85 93
23 63 59 85 93
23 63 59 86 93
34 23 63 59 93
23 63 59 86 85 93
34 23 63 59 85 93
34 23 63 59 86 93
34 23 63 59 86 85 93
36 23 63 85 93
36 23 63 86 93
36 34 23 63 93
36 23 63 59 93
36 23 63 86 85 93
36 34 23 63 85 93
36 23 63 59 85 93
36 34 23 63 86 93
36 23 63 59 86 93
36 34 23 59 63 93
36 34 23 63 86 85 93
36 23 63 59 86 85 93
36 34 23 63 59 85 93
36 34 23 63 59 86 93
36 34 23 63 59 86 85 93
63 93 23 90
63 34 23 90
63 90 23 86
63 90 23 85
63 90 23 59
36 63 23 90
34 23 63 90 93
34 23 63 90 86
23 63 90 86 93
34 23 63 90 86 93
23 63 90 86 85
34 23 63 90 85
23 63 90 85 93
34 23 63 90 86 85
23 63 90 86 85 93
34 23 63 90 85 93
34 23 63 90 86 85 93
23 63 59 90 85
23 63 59 90 86
34 23 63 90 59
23 63 90 59 93
23 59 90 63 86 85
34 23 63 59 90 85
23 63 59 90 85 93
34 23 63 59 90 86
23 63 59 90 86 93
34 23 63 90 59 93
34 23 59 90 63 86 85
23 59 90 63 86 85 93
34 23 63 59 90 85 93
34 23 63 59 90 86 93
34 23 59 90 63 86 85 93
36 23 63 90 85
36 23 63 90 86
36 34 23 63 90
36 23 63 90 93
36 23 63 90 59
36 23 63 90 86 85
36 34 23 63 90 85
36 23 63 90 85 93
36 23 63 59 90 85
36 34 23 63 90 86
36 23 63 90 86 93
36 23 63 59 90 86
36 34 23 63 90 93
36 34 23 63 90 59
36 23 63 90 59 93
36 34 23 63 90 86 85
36 23 63 90 86 85 93
36 23 59 90 63 86 85
36 34 23 63 90 85 93
36 34 23 63 59 90 85
36 23 63 59 90 85 93
36 34 23 63 90 86 93
36 34 23 63 59 90 86
36 23 63 59 90 86 93
36 34 23 63 90 59 93
36 34 23 63 90 86 85 93
36 34 23 59 90 63 86 85
36 23 59 90 63 86 85 93
36 34 23 63 59 90 85 93
36 34 23 63 59 90 86 93
36 34 23 59 90 63 86 85 93
36 23 39
85 23 39
39 23 86
34 23 39
39 23 59
93 23 39
90 23 39
63 23 39
36 85 23 39
39 85 23 86
36 39 23 86
39 36 23 86 85
39 34 23 86
34 85 23 39
36 34 23 39
39 34 23 86 85
39 36 34 23 86
39 36 34 23 85
39 36 34 23 86 85
39 34 23 59
39 59 23 86
39 85 23 59
36 39 23 59
39 34 23 59 86
39 34 23 59 85
39 36 34 23 59
39 23 59 86 85
39 36 23 59 86
39 36 23 59 85
39 34 23 59 86 85
39 36 34 23 59 86
39 36 34 23 59 85
39 36 23 59 86 85
39 36 34 23 59 86 85
34 93 23 39
86 93 23 39
85 93 23 39
36 93 23 39
39 93 23 59
39 34 23 86 93
39 34 23 85 93
39 36 34 23 93
39 34 23 59 93
39 23 86 85 93
39 36 23 86 93
39 23 59 86 93
39 36 23 85 93
39 23 59 85 93
39 36 23 59 93
39 34 23 86 85 93
39 36 34 23 86 93
39 34 23 59 86 93
39 36 34 23 85 93
39 34 23 59 85 93
39 36 34 23 59 93
39 36 23 86 85 93
39 23 59 86 85 93
39 36 23 59 86 93
39 36 23 59 85 93
39 36 34 23 86 85 93
39 34 23 59 86 85 93
39 36 34 23 59 86 93
39 36 34 23 59 85 93
39 36 23 59 86 85 93
39 36 34 23 59 86 85 93
90 93 23 39
34 90 23 39
39 90 23 86
90 85 23 39
36 90 23 39
39 90 23 59
39 34 23 90 93
39 23 90 86 93
39 23 90 85 93
39 36 23 90 93
39 23 90 59 93
39 34 23 90 86
39 34 23 90 85
39 36 34 23 90
39 34 23 90 59
39 23 90 86 85
39 36 23 90 86
39 23 59 90 86
39 36 23 90 85
39 23 59 90 85
39 36 23 90 59
39 34 23 90 86 93
39 34 23 90 85 93
39 36 34 23 90 93
39 34 23 90 59 93
39 23 90 86 85 93
39 36 23 90 86 93
39 23 59 90 86 93
39 36 23 90 85 93
39 23 59 90 85 93
39 36 23 90 59 93
39 34 23 90 86 85
39 36 34 23 90 86
39 34 23 59 90 86
39 36 34 23 90 85
39 34 23 59 90 85
39 36 34 23 90 59
39 36 23 90 86 85
39 23 59 90 86 85
39 36 23 59 90 86
39 36 23 59 90 85
39 34 23 90 86 85 93
39 36 34 23 90 86 93
39 34 23 59 90 86 93
39 36 34 23 90 85 93
39 34 23 59 90 85 93
39 36 34 23 90 59 93
39 36 23 90 86 85 93
39 23 59 90 86 85 93
39 36 23 59 90 86 93
39 36 23 59 90 85 93
39 36 34 23 90 86 85
39 34 23 59 90 86 85
39 36 34 23 59 90 86
39 36 34 23 59 90 85
39 36 23 59 90 86 85
39 36 34 23 90 86 85 93
39 34 23 59 90 86 85 93
39 36 34 23 59 90 86 93
39 36 34 23 59 90 85 93
39 36 23 59 90 86 85 93
39 36 34 23 59 90 86 85
39 36 34 23 59 90 86 85 93
63 34 23 39
39 63 23 86
63 85 23 39
36 63 23 39
39 63 23 59
39 34 23 63 86
39 34 23 63 85
39 36 34 23 63
39 34 23 63 59
39 23 63 86 85
39 36 23 63 86
39 23 63 59 86
39 36 23 63 85
39 23 63 59 85
39 36 23 63 59
39 34 23 63 86 85
39 36 34 23 63 86
39 34 23 63 59 86
39 36 34 23 63 85
39 34 23 63 59 85
39 36 34 23 63 59
39 36 23 63 86 85
39 23 63 59 86 85
39 36 23 63 59 86
39 36 23 63 59 85
39 36 34 23 63 86 85
39 34 23 59 63 86 85
39 36 34 23 63 59 86
39 36 34 23 63 59 85
39 36 23 63 59 86 85
39 36 34 23 59 63 86 85
2 23 59
2 23 85
2 23 86
2 34 23
2 23 39
36 2 23
2 23 63
2 93 23
2 23 90
2 85 23 59
2 85 23 86
59 2 23 86
23 59 2 86 85
2 34 23 86
2 34 23 85
2 34 23 59
34 23 2 86 85
34 23 59 2 86
34 23 59 2 85
34 23 59 2 86 85
2 34 23 39
39 2 23 86
2 85 23 39
39 2 23 59
39 34 23 2 86
39 34 23 2 85
39 34 23 59 2
39 23 2 86 85
39 23 59 2 86
39 23 59 2 85
39 34 23 2 86 85
39 34 23 59 2 86
39 34 23 59 2 85
39 23 59 2 86 85
39 34 23 59 2 86 85
36 2 23 39
36 2 34 23
36 2 23 86
36 2 23 85
36 2 23 59
39 36 34 23 2
39 36 23 2 86
39 36 23 2 85
39 36 23 59 2
36 34 23 2 86
36 34 23 2 85
36 34 23 59 2
36 23 2 86 85
36 23 59 2 86
36 23 59 2 85
39 36 34 23 2 86
39 36 34 23 2 85
39 36 34 23 59 2
39 36 23 2 86 85
39 36 23 59 2 86
39 36 23 59 2 85
36 34 23 2 86 85
36 34 23 59 2 86
36 34 23 59 2 85
36 23 59 2 86 85
39 36 34 23 2 86 85
39 36 34 23 59 2 86
39 36 34 23 59 2 85
39 36 23 59 2 86 85
36 34 23 59 2 86 85
39 36 34 23 59 2 86 85
2 34 23 63
63 2 23 86
63 2 23 85
63 2 23 59
34 23 63 2 86
34 23 63 2 85
34 23 63 59 2
23 63 2 86 85
23 63 59 2 86
23 63 59 2 85
34 23 63 2 86 85
34 23 63 59 2 86
34 23 63 59 2 85
23 63 59 2 86 85
34 23 59 63 2 86 85
2 34 93 23
2 93 23 86
2 93 23 85
2 93 23 59
34 23 2 86 93
34 23 2 85 93
34 23 59 2 93
23 2 86 85 93
23 59 2 86 93
23 59 2 85 93
34 23 2 86 85 93
34 23 59 2 86 93
34 23 59 2 85 93
23 59 2 86 85 93
34 23 59 2 86 85 93
2 93 23 90
2 34 23 90
2 90 23 86
2 90 23 85
2 90 23 59
34 23 90 2 93
23 90 2 86 93
23 90 2 85 93
23 90 59 2 93
34 23 90 2 86
34 23 90 2 85
34 23 90 59 2
23 90 2 86 85
23 59 90 2 86
23 59 90 2 85
34 23 90 2 86 93
34 23 90 2 85 93
34 23 90 59 2 93
23 90 2 86 85 93
23 59 90 2 86 93
23 59 90 2 85 93
34 23 90 2 86 85
34 23 59 90 2 86
34 23 59 90 2 85
23 59 90 2 86 85
34 23 90 2 86 85 93
34 23 59 90 2 86 93
34 23 59 90 2 85 93
23 59 90 2 86 85 93
34 23 59 90 2 86 85
34 23 59 90 2 86 85 93
9 85
90 38
34 38
85 38
86 38
34 90 38
85 90 38
90 86 38
34 85 38
34 86 38
85 86 38
34 90 85 38
34 90 86 38
90 85 86 38
34 85 86 38
38 34 90 86 85
85 39
39 86
34 39
90 39
36 39
39 85 86
39 34 86
34 85 39
39 34 85 86
90 85 39
34 90 39
39 90 86
90 34 85 39
39 90 85 86
39 34 90 86
39 34 90 86 85
36 85 39
36 39 86
36 34 39
36 90 39
36 39 85 86
36 39 34 86
36 34 85 39
39 36 34 86 85
36 90 85 39
36 34 90 39
36 39 90 86
39 36 34 90 85
39 36 90 86 85
39 36 34 90 86
39 36 34 90 86 85
2 85
2 34
2 86
2 39
2 90
2 59
2 63
36 2
2 67
2 76
53 2
2 34 85
2 34 86
2 85 86
2 34 85 86
2 85 39
39 2 86
2 34 39
39 2 85 86
2 34 85 39
39 2 34 86
39 34 2 86 85
2 90 85
2 90 86
2 34 90
2 90 39
2 90 85 86
90 34 2 86
90 34 2 85
34 90 2 86 85
39 2 90 85
90 34 2 39
39 2 90 86
39 34 90 2 85
39 90 2 86 85
39 34 90 2 86
39 34 90 2 86 85
2 85 59
59 2 86
2 34 59
39 2 59
2 90 59
59 85 2 86
59 34 2 86
2 34 85 59
34 59 2 86 85
39 2 85 59
39 2 34 59
39 59 2 86
39 34 59 2 85
39 59 2 86 85
39 34 59 2 86
39 34 59 2 86 85
2 90 85 59
90 34 2 59
59 90 2 86
39 2 90 59
34 59 90 2 85
34 59 90 2 86
59 90 2 86 85
34 59 90 2 86 85
39 59 90 2 85
39 59 90 2 86
39 34 90 59 2
39 59 90 2 86 85
39 34 59 90 2 85
39 34 59 90 2 86
39 34 59 90 2 86 85
63 2 85
63 2 86
2 34 63
63 2 39
63 2 59
63 2 90
63 85 2 86
63 34 2 86
63 34 2 85
34 63 2 86 85
63 85 2 39
63 34 2 39
39 63 2 86
39 34 63 2 85
39 63 2 86 85
39 34 63 2 86
39 34 63 2 86 85
63 85 2 59
63 34 2 59
63 59 2 86
39 63 2 59
34 63 59 2 85
34 63 59 2 86
63 59 2 86 85
34 63 59 2 86 85
39 63 59 2 85
39 63 59 2 86
39 34 63 59 2
39 63 59 2 86 85
39 34 63 59 2 85
39 34 63 59 2 86
39 34 63 59 2 86 85
63 90 2 85
63 34 2 90
63 90 2 86
63 90 2 59
63 90 2 39
34 63 90 2 85
34 63 90 2 86
63 90 2 86 85
34 63 90 2 86 85
63 59 90 2 85
63 59 90 2 86
34 63 90 59 2
63 59 90 2 86 85
34 63 59 90 2 85
34 63 59 90 2 86
34 63 59 90 2 86 85
39 63 90 2 85
39 63 90 59 2
39 63 90 2 86
39 34 63 90 2
39 63 59 90 2 85
39 63 90 2 86 85
39 34 63 90 2 86
39 34 63 90 2 85
39 34 63 90 2 86 85
36 2 85
36 2 59
36 2 39
36 2 86
36 2 34
36 2 90
36 2 63
36 2 85 59
36 2 85 39
36 39 2 59
39 36 59 2 85
36 2 85 86
36 59 2 86
36 39 2 86
36 59 2 86 85
39 36 2 86 85
39 36 59 2 86
39 36 59 2 86 85
36 2 34 86
36 2 34 85
36 2 34 59
36 2 34 39
36 34 2 86 85
36 34 59 2 85
36 34 59 2 86
36 34 59 2 86 85
39 36 34 2 85
39 36 34 2 86
39 36 34 59 2
39 36 34 2 86 85
39 36 34 59 2 85
39 36 34 59 2 86
39 36 34 59 2 86 85
36 2 90 59
36 2 90 85
36 2 90 39
36 2 34 90
36 2 90 86
36 59 90 2 85
39 36 90 2 85
39 36 90 59 2
39 36 59 90 2 85
36 34 90 2 85
36 34 90 59 2
36 34 59 90 2 85
36 34 90 2 86
36 90 2 86 85
36 59 90 2 86
36 34 90 2 86 85
36 34 59 90 2 86
36 59 90 2 86 85
36 34 59 90 2 86 85
36 63 2 59
36 63 2 85
36 63 2 39
36 2 34 63
36 63 2 86
36 63 2 90
36 63 59 2 85
39 36 63 2 85
39 36 63 59 2
39 36 63 59 2 85
36 34 63 2 85
36 34 63 59 2
36 34 63 59 2 85
36 34 63 2 86
36 63 2 86 85
36 63 59 2 86
36 34 63 2 86 85
36 34 63 59 2 86
36 63 59 2 86 85
36 34 63 59 2 86 85
36 63 90 2 85
36 63 90 59 2
36 63 59 90 2 85
2 67 86
2 34 67
2 67 85
2 34 67 86
2 67 85 86
2 34 67 85
34 2 67 86 85
76 2 86
2 34 76
76 2 85
76 2 34 86
76 2 85 86
76 2 34 85
76 34 2 86 85
53 2 90
53 2 86
53 2 34
53 2 85
53 2 90 86
53 2 34 90
53 2 90 85
53 2 34 86
53 2 85 86
53 2 34 85
34 90 2 86 53
90 2 86 85 53
34 90 2 85 53
34 2 86 85 53
34 90 2 86 85 53
10 85
10 86
34 10
36 10
10 90
10 85 86
34 10 85
34 10 86
34 10 85 86
36 10 86
36 10 85
36 34 10
36 10 85 86
36 34 10 86
36 34 10 85
36 34 10 85 86
34 10 90
10 85 90
90 10 86
36 10 90
90 10 34 85
90 10 34 86
36 34 10 90
90 10 85 86
36 10 85 90
36 90 10 86
34 90 10 85 86
36 34 90 10 85
36 34 90 10 86
36 90 10 85 86
36 34 90 10 85 86
24 85
24 86
24 34
24 90
24 39
36 24
24 85 86
24 34 85
24 34 86
24 34 85 86
24 85 90
24 34 90
24 90 86
24 34 85 90
24 90 85 86
24 90 34 86
34 90 86 85 24
24 85 39
36 24 85
36 24 90
36 24 86
36 24 34
36 24 85 90
36 24 85 86
36 24 90 86
36 90 86 85 24
36 24 34 86
36 24 34 85
36 24 34 90
36 34 86 85 24
36 34 90 86 24
36 34 90 85 24
36 34 90 86 85 24
53 90
53 34
53 86
53 85
53 63
53 59
53 39
36 53
53 34 90
53 34 86
53 90 86
53 34 90 86
53 85 86
53 34 85
53 85 90
53 34 85 86
53 90 85 86
53 34 85 90
34 90 86 85 53
53 63 85
53 63 86
53 34 63
53 63 90
36 53 63
53 63 85 86
53 63 34 85
53 63 85 90
36 53 63 85
53 63 34 86
53 63 90 86
36 53 63 86
53 63 34 90
36 53 34 63
36 53 63 90
34 63 86 85 53
63 90 86 85 53
36 63 86 85 53
34 63 90 85 53
36 34 63 85 53
36 63 90 85 53
34 63 90 86 53
36 34 63 86 53
36 63 90 86 53
36 34 63 90 53
34 90 63 86 85 53
36 34 63 86 85 53
36 63 90 86 85 53
36 34 63 90 85 53
36 34 63 90 86 53
36 34 90 63 86 85 53
53 85 59
53 59 86
53 34 59
53 90 59
53 63 59
36 53 59
53 59 85 86
53 59 34 86
53 34 85 59
34 59 86 85 53
53 34 90 59
53 59 90 86
53 90 85 59
34 59 90 86 53
34 59 90 85 53
59 90 86 85 53
34 59 90 86 85 53
53 63 90 59
53 63 34 59
63 53 59 86
53 63 85 59
34 63 90 59 53
63 59 90 86 53
63 59 90 85 53
34 63 59 86 53
34 63 59 85 53
63 59 86 85 53
34 59 90 63 86 53
34 59 90 63 85 53
59 90 63 86 85 53
34 59 63 86 85 53
34 59 90 63 86 85 53
36 53 90 59
36 53 34 59
36 53 59 86
36 53 85 59
36 34 90 59 53
36 59 90 86 53
36 59 90 85 53
36 34 59 86 53
36 34 59 85 53
36 59 86 85 53
36 34 59 90 86 53
36 34 59 90 85 53
36 59 90 86 85 53
36 34 59 86 85 53
36 34 59 90 86 85 53
53 85 39
39 53 86
53 34 39
39 53 90
39 53 85 86
53 34 85 39
39 53 85 90
39 53 34 86
39 53 90 86
39 53 34 90
39 34 86 85 53
39 90 86 85 53
39 34 90 85 53
39 34 90 86 53
39 34 90 86 85 53
36 53 85
36 53 86
36 53 34
36 53 90
36 53 85 86
36 53 34 85
36 53 85 90
36 53 34 86
36 53 90 86
36 53 34 90
36 34 86 85 53
36 90 86 85 53
36 34 90 85 53
36 34 90 86 53
36 34 90 86 85 53
85 28
2 28
34 28
86 28
39 28
90 28
59 28
63 28
2 85 28
34 85 28
2 34 28
2 34 85 28
34 86 28
85 86 28
2 86 28
34 85 86 28
2 34 86 28
2 85 86 28
28 34 2 86 85
85 39 28
2 39 28
86 39 28
34 39 28
2 85 39 28
86 85 39 28
2 86 39 28
39 28 2 86 85
34 86 39 28
34 85 39 28
2 34 39 28
39 28 34 86 85
39 28 34 2 86
39 28 34 2 85
39 28 34 2 86 85
85 90 28
2 90 28
34 90 28
90 86 28
90 39 28
2 90 85 28
34 90 85 28
2 34 90 28
28 34 90 2 85
34 90 86 28
90 85 86 28
2 90 86 28
28 34 90 86 85
28 34 90 2 86
28 90 2 86 85
28 34 90 2 86 85
2 90 39 28
90 85 39 28
39 28 90 2 85
85 59 28
2 59 28
39 59 28
86 59 28
34 59 28
2 85 59 28
39 85 59 28
39 2 59 28
39 28 59 2 85
86 85 59 28
2 86 59 28
39 86 59 28
28 59 2 86 85
39 28 59 86 85
34 86 59 28
34 85 59 28
2 34 59 28
39 34 59 28
28 34 59 86 85
28 34 59 2 85
28 34 59 2 86
28 34 59 2 86 85
39 28 34 59 85
39 28 34 59 86
39 28 34 59 86 85
63 85 28
2 63 28
63 39 28
63 86 28
34 63 28
63 59 28
63 2 85 28
63 85 39 28
63 2 39 28
39 28 63 2 85
63 85 86 28
63 2 86 28
39 63 86 28
28 63 2 86 85
39 28 63 86 85
63 34 86 28
63 34 85 28
2 34 63 28
63 34 39 28
28 34 63 86 85
28 34 63 2 85
28 34 63 2 86
28 34 63 2 86 85
39 28 34 63 85
39 28 34 63 86
39 28 34 63 86 85
63 85 59 28
63 2 59 28
28 63 59 2 85
94 34
94 85
94 86
94 24
94 90
94 34 85
94 85 86
94 34 86
94 34 85 86
94 24 85
94 24 34
94 24 86
94 24 34 85
94 24 85 86
94 24 34 86
34 86 85 94 24
94 24 90
94 85 90
94 34 90
94 90 86
94 24 85 90
94 24 34 90
94 24 90 86
94 34 85 90
94 90 85 86
94 34 90 86
34 90 85 94 24
90 86 85 94 24
34 90 86 94 24
34 90 86 85 94
34 90 86 85 94 24
110 85
110 90
110 34
110 86
36 110
53 110
110 24
110 85 90
110 34 85
110 34 90
110 34 85 90
110 34 86
110 85 86
110 90 86
110 34 85 86
110 90 34 86
110 90 85 86
34 90 86 85 110
36 110 85
36 110 90
36 110 86
36 110 34
36 110 85 90
36 110 85 86
36 110 90 86
36 90 86 85 110
36 110 34 86
36 110 34 85
36 110 34 90
36 34 86 85 110
36 34 90 86 110
36 34 90 85 110
36 34 90 86 85 110
53 110 86
53 110 34
53 110 90
53 110 85
36 53 110
53 110 34 86
53 110 90 86
53 110 85 86
36 53 110 86
53 110 34 90
53 110 34 85
36 53 110 34
53 110 85 90
36 53 110 90
36 53 110 85
34 90 86 53 110
34 86 85 53 110
36 34 86 53 110
90 86 85 53 110
36 90 86 53 110
36 86 85 53 110
34 90 85 53 110
36 34 90 53 110
36 34 85 53 110
36 90 85 53 110
34 90 86 85 53 110
36 34 90 86 53 110
36 34 86 85 53 110
36 90 86 85 53 110
36 34 90 85 53 110
36 34 90 86 85 53 110
110 24 90
110 24 85
36 110 24
110 24 86
110 24 34
110 24 85 90
36 110 24 85
36 110 24 90
24 36 90 85 110
110 24 85 86
110 24 90 86
36 110 24 86
24 90 86 85 110
24 36 86 85 110
24 36 90 86 110
24 36 90 86 85 110
110 24 34 86
110 24 34 85
110 24 34 90
36 110 24 34
24 34 86 85 110
24 34 90 86 110
24 36 34 86 110
24 34 90 85 110
24 36 34 85 110
24 36 34 90 110
24 34 90 86 85 110
24 36 34 86 85 110
24 36 34 90 86 110
24 36 34 90 85 110
24 36 34 90 86 85 110
85 6
86 6
34 6
90 6
36 6
85 86 6
34 85 6
34 86 6
34 85 86 6
85 90 6
34 90 6
90 86 6
34 85 90 6
90 85 86 6
34 90 86 6
34 90 6 86 85
36 85 6
36 86 6
36 34 6
36 90 6
36 85 86 6
36 34 86 6
36 34 85 6
36 34 6 86 85
36 85 90 6
36 34 90 6
36 90 86 6
36 34 90 85 6
36 90 6 86 85
36 34 90 86 6
36 34 90 6 86 85
56 34
56 86
56 85
56 90
36 56
56 39
56 34 86
56 85 86
56 34 85
56 34 85 86
56 90 85
56 90 86
56 34 90
56 90 85 86
90 34 56 85
90 34 56 86
34 90 56 86 85
36 56 85
36 56 86
36 56 34
36 56 90
36 56 85 86
36 56 34 85
36 56 90 85
36 56 34 86
36 56 90 86
36 56 34 90
36 34 56 86 85
36 90 56 86 85
36 34 90 56 85
36 34 90 56 86
36 34 90 56 86 85
36 56 39
56 85 39
39 56 86
56 34 39
56 90 39
36 56 85 39
36 39 56 86
36 56 34 39
36 56 90 39
39 56 85 86
56 34 85 39
39 56 85 90
39 56 34 86
39 56 90 86
39 56 34 90
39 36 56 86 85
39 36 34 56 85
39 36 90 56 85
39 36 34 56 86
39 36 90 56 86
39 36 34 90 56
39 34 56 86 85
39 90 56 86 85
39 34 90 56 85
39 34 90 56 86
39 36 34 56 86 85
39 36 90 56 86 85
39 36 34 90 56 85
39 36 34 90 56 86
39 34 90 56 86 85
39 36 34 90 56 86 85
116 86
116 85
34 116
116 90
36 116
85 116 86
34 116 85
34 116 86
34 85 116 86
34 116 90
85 116 90
90 116 86
34 90 116 85
34 90 116 86
90 85 116 86
34 90 116 86 85
36 116 85
36 116 86
36 34 116
36 116 90
36 85 116 86
36 34 116 85
36 85 116 90
36 34 116 86
36 90 116 86
36 34 116 90
36 34 116 86 85
36 90 116 86 85
36 34 90 116 85
36 34 90 116 86
36 34 90 116 86 85
