85
86
34
90
36
59
63
67
76
93
1
3
52
23
39
2
10
24
53
28
110
56
86 85
34 85
34 86
34 86 85
85 90
34 90
86 90
34 85 90
86 85 90
34 86 90
34 86 85 90
36 85
36 86
34 36
36 90
36 86 85
34 36 86
34 36 85
34 36 86 85
36 85 90
34 36 90
36 86 90
34 36 85 90
36 86 85 90
34 36 86 90
36 90 34 86 85
85 59
34 59
86 59
59 90
36 59
59 39
34 85 59
34 86 59
86 59 85
34 86 59 85
85 59 90
86 59 90
34 59 90
86 85 59 90
34 85 59 90
34 86 59 90
90 34 86 85 59
36 85 59
36 86 59
34 36 59
36 59 90
36 86 59 85
34 36 86 59
34 36 85 59
36 34 86 85 59
36 85 59 90
34 36 59 90
36 86 59 90
36 90 34 85 59
36 90 86 85 59
36 90 34 86 59
36 90 34 86 85 59
85 59 39
86 59 39
34 59 39
86 85 59 39
34 85 59 39
34 86 59 39
34 86 39 85 59
63 85
63 34
63 86
63 90
63 36
63 59
63 39
63 34 85
63 34 86
63 86 85
63 34 86 85
63 85 90
63 86 90
63 34 90
63 86 85 90
63 34 85 90
63 34 86 90
63 90 34 86 85
63 36 85
63 36 86
63 34 36
63 36 90
63 36 86 85
63 34 36 86
63 34 36 85
36 63 34 86 85
63 36 85 90
63 34 36 90
63 36 86 90
36 63 90 34 85
36 63 90 86 85
36 63 90 34 86
36 63 90 34 86 85
63 85 59
63 86 59
63 34 59
63 59 90
63 36 59
63 86 59 85
63 34 86 59
63 34 85 59
63 34 86 85 59
63 85 59 90
63 34 59 90
63 86 59 90
63 90 34 85 59
63 90 86 85 59
63 90 34 86 59
63 90 34 86 85 59
63 36 85 59
63 34 36 59
63 36 86 59
63 36 59 90
36 63 34 85 59
36 63 34 86 59
36 63 86 85 59
36 63 34 86 85 59
36 63 90 85 59
63 85 39
63 86 39
63 34 39
63 86 39 85
63 34 85 39
63 34 86 39
63 34 86 39 85
34 67
86 67
85 67
90 67
59 67
34 86 67
86 85 67
34 85 67
34 86 85 67
85 90 67
86 90 67
34 90 67
86 90 85 67
34 85 90 67
34 86 90 67
67 90 34 86 85
85 59 67
86 59 67
34 59 67
86 85 59 67
34 85 59 67
34 86 59 67
67 34 86 85 59
34 76
86 76
85 76
76 90
76 67
76 59
34 86 76
86 76 85
34 85 76
34 86 76 85
85 76 90
86 76 90
34 76 90
86 76 85 90
34 85 76 90
34 86 76 90
90 34 86 76 85
85 76 67
86 76 67
34 76 67
86 76 85 67
34 85 76 67
34 86 76 67
67 34 86 76 85
85 76 59
86 76 59
34 76 59
86 76 59 85
34 85 76 59
34 86 76 59
34 86 76 85 59
85 93
34 93
86 93
93 59
93 90
36 93
63 93
93 39
34 85 93
34 86 93
86 93 85
34 86 93 85
85 93 59
86 93 59
34 93 59
86 85 93 59
34 85 93 59
34 86 93 59
34 86 59 85 93
85 93 90
90 93 59
86 93 90
34 93 90
85 90 93 59
86 85 93 90
86 90 93 59
90 86 59 85 93
34 86 93 90
34 85 93 90
34 90 93 59
90 34 86 85 93
90 34 86 59 93
90 34 59 85 93
90 34 86 93 85 59
36 85 93
36 93 90
36 93 59
36 86 93
34 36 93
36 85 93 90
36 85 93 59
36 90 93 59
36 90 59 85 93
36 86 93 85
34 36 86 93
34 36 85 93
36 34 86 85 93
63 85 93
63 93 59
63 86 93
63 34 93
63 93 90
63 85 93 59
63 86 93 85
63 34 86 93
63 34 85 93
63 34 86 85 93
63 85 93 90
85 93 39
85 1
86 1
34 1
1 90
36 1
1 24
86 1 85
34 85 1
34 86 1
34 85 1 86
34 1 90
85 1 90
86 1 90
34 85 1 90
34 86 1 90
86 1 85 90
1 90 34 86 85
36 86 1
36 85 1
34 36 1
36 1 90
36 86 1 85
34 36 86 1
36 86 1 90
34 36 85 1
36 85 1 90
34 36 1 90
36 1 34 86 85
36 1 90 86 85
36 1 90 34 86
36 1 90 34 85
36 1 90 34 86 85
85 1 24
86 1 24
34 1 24
1 24 90
86 1 24 85
34 85 1 24
34 86 1 24
1 24 34 86 85
34 1 24 90
85 1 24 90
86 1 24 90
1 24 90 34 85
1 24 90 34 86
1 24 90 86 85
1 24 90 34 86 85
3 85
86 3
34 3
3 90
86 3 85
34 86 3
34 3 85
34 86 3 85
3 85 90
34 3 90
86 3 90
34 3 85 90
86 85 3 90
34 86 3 90
3 90 34 86 85
52 85
52 86
52 34
52 86 85
52 85 34
52 86 34
52 86 85 34
34 23
86 23
85 23
36 23
23 59
34 86 23
86 23 85
34 85 23
34 86 23 85
36 85 23
36 86 23
34 36 23
36 86 23 85
34 36 85 23
34 36 86 23
36 23 34 86 85
85 23 59
86 23 59
34 23 59
86 23 59 85
34 85 23 59
34 86 23 59
23 34 86 85 59
85 39
86 39
34 39
39 90
36 39
86 39 85
34 86 39
34 85 39
34 86 39 85
85 39 90
34 39 90
86 39 90
34 85 39 90
86 85 39 90
34 86 39 90
90 34 86 39 85
36 85 39
36 86 39
34 36 39
36 39 90
36 86 39 85
34 36 86 39
34 36 85 39
36 34 86 39 85
36 85 39 90
34 36 39 90
36 86 39 90
36 90 34 39 85
36 90 86 39 85
36 90 34 86 39
36 90 34 86 39 85
85 2
34 2
86 2
2 39
2 90
2 59
63 2
34 85 2
34 86 2
86 2 85
34 86 2 85
85 2 39
86 2 39
34 2 39
86 2 39 85
34 85 2 39
34 86 2 39
2 34 86 39 85
85 2 90
86 2 90
34 2 90
2 39 90
86 2 85 90
34 86 2 90
34 85 2 90
2 90 34 86 85
85 2 39 90
34 2 39 90
86 2 39 90
2 90 34 39 85
2 90 86 39 85
2 90 34 86 39
2 90 34 86 39 85
85 2 59
86 2 59
34 2 59
2 59 39
2 59 90
86 2 59 85
34 86 2 59
34 85 2 59
2 34 86 85 59
85 2 59 39
85 2 59 90
63 85 2
63 86 2
63 34 2
63 86 2 85
63 34 85 2
63 34 86 2
2 63 34 86 85
10 85
10 86
34 10
10 36
10 86 85
34 10 85
34 10 86
34 10 86 85
10 86 36
10 85 36
10 86 36 85
85 24
86 24
34 24
24 90
36 24
86 24 85
34 85 24
34 86 24
34 86 24 85
85 24 90
34 24 90
86 24 90
34 85 24 90
86 24 85 90
34 86 24 90
24 90 34 86 85
36 85 24
36 24 90
36 86 24
34 36 24
36 85 24 90
36 86 24 85
36 86 24 90
36 24 90 86 85
34 36 86 24
34 36 85 24
34 36 24 90
36 24 34 86 85
36 24 90 34 86
36 24 90 34 85
36 24 90 34 86 85
53 90
34 53
53 86
53 85
63 53
53 59
36 53
34 53 90
34 53 86
53 86 90
34 53 86 90
53 86 85
34 53 85
53 85 90
34 53 86 85
53 86 85 90
34 53 85 90
90 34 86 53 85
63 53 85
63 53 86
63 34 53
63 53 90
63 53 86 85
63 34 53 85
63 53 85 90
63 34 53 86
63 53 86 90
63 34 53 90
63 34 86 53 85
63 90 86 53 85
63 90 34 53 85
63 90 34 86 53
63 90 34 86 53 85
53 85 59
53 86 59
34 53 59
53 59 90
53 86 59 85
34 53 85 59
53 85 59 90
34 53 86 59
53 86 59 90
34 53 59 90
34 86 53 85 59
90 86 53 85 59
90 34 53 85 59
90 34 86 53 59
90 34 86 53 85 59
36 85 53
36 86 53
34 36 53
36 53 90
36 86 53 85
34 36 85 53
36 85 53 90
34 36 86 53
36 86 53 90
34 36 53 90
36 34 86 53 85
36 90 86 53 85
36 90 34 53 85
36 90 34 86 53
36 90 34 86 53 85
28 85
28 2
28 34
28 86
28 39
28 85 2
28 85 34
28 2 34
28 85 2 34
28 86 34
28 86 85
28 86 2
28 86 85 34
28 86 2 34
28 86 2 85
28 2 34 86 85
28 85 39
28 2 39
28 85 2 39
110 85
110 90
34 110
110 86
36 110
110 85 90
110 85 34
34 110 90
110 85 34 90
110 86 34
110 86 85
110 86 90
110 86 85 34
110 86 34 90
110 86 85 90
110 90 34 86 85
36 110 85
36 110 90
110 36 86
34 36 110
36 110 85 90
110 36 86 85
110 36 86 90
36 110 90 86 85
110 36 86 34
110 36 85 34
34 36 110 90
36 110 34 86 85
36 110 90 34 86
36 110 90 34 85
36 110 90 34 86 85
34 56
56 86
56 85
56 90
56 36
56 39
34 86 56
56 86 85
34 85 56
34 86 56 85
56 85 90
56 86 90
34 56 90
56 86 85 90
34 85 56 90
34 86 56 90
90 34 86 56 85
56 36 85
56 36 86
34 36 56
56 36 90
56 36 86 85
34 36 85 56
56 36 85 90
34 36 86 56
56 36 86 90
34 36 56 90
36 34 86 56 85
36 90 86 56 85
36 90 34 56 85
36 90 34 86 56
36 90 34 86 56 85
56 36 39
56 85 39
56 86 39
34 56 39
56 39 90
56 36 85 39
56 36 86 39
34 36 56 39
56 36 39 90
56 86 39 85
34 85 56 39
56 85 39 90
34 86 56 39
56 86 39 90
34 56 39 90
36 86 39 56 85
36 34 39 56 85
36 90 39 56 85
36 34 86 39 56
36 90 86 39 56
36 90 34 39 56
34 86 39 56 85
90 86 39 56 85
90 34 39 56 85
90 34 86 39 56
36 34 86 39 56 85
36 90 86 39 56 85
36 90 34 39 56 85
36 90 34 86 39 56
90 34 86 39 56 85
36 90 34 86 39 56 85
