85 
86 
34 
90 
36 
39 
59 
63 
24 
53 
67 
76 
2 
110 
93 
1 
56 
3 
28 
52 
23 
10 
85 
85 34 
85 36 
85 36 34 
85 39 
85 39 34 
85 39 36 
85 39 36 34 
85 59 
85 59 34 
85 59 36 
85 59 36 34 
85 59 39 
85 59 39 34 
85 63 
85 63 34 
85 63 36 
85 63 36 34 
85 63 59 
85 63 59 34 
85 63 59 36 
85 63 59 36 34 
85 63 39 
85 63 39 34 
85 24 
85 24 34 
85 24 36 
85 24 36 34 
85 53 
85 53 34 
85 53 36 
85 53 36 34 
85 53 59 
85 53 59 34 
85 53 63 
85 53 63 34 
85 67 
85 67 34 
85 67 59 
85 67 59 34 
85 76 
85 76 34 
85 76 67 
85 76 67 34 
85 76 59 
85 76 59 34 
85 2 
85 2 34 
85 2 39 
85 2 39 34 
85 2 59 
85 2 59 34 
85 2 59 39 
85 2 63 
85 2 63 34 
85 1 
85 1 34 
85 1 36 
85 1 36 34 
85 1 24 
85 1 24 34 
85 56 
85 56 34 
85 56 36 
85 56 36 34 
85 56 39 
85 56 39 34 
85 56 39 36 
85 56 39 36 34 
85 3 
85 3 34 
85 28 
85 28 2 
85 28 34 
85 28 34 2 
85 28 39 
85 28 39 2 
85 52 
85 52 34 
85 23 
85 23 34 
85 23 36 
85 23 36 34 
85 23 59 
85 23 59 34 
85 10 
85 10 34 
85 10 36 
86 
86 85 
86 34 
86 34 85 
86 36 
86 36 85 
86 36 34 
86 36 34 85 
86 39 
86 39 85 
86 39 34 
86 39 34 85 
86 39 36 
86 39 36 85 
86 39 36 34 
86 39 36 34 85 
86 59 
86 59 34 
86 59 34 85 
86 59 85 
86 59 36 
86 59 36 34 
86 59 36 34 85 
86 59 36 85 
86 59 39 
86 59 39 34 
86 59 39 34 85 
86 59 39 85 
86 63 
86 63 34 
86 63 34 85 
86 63 85 
86 63 36 
86 63 36 34 
86 63 36 34 85 
86 63 36 85 
86 63 59 
86 63 59 34 
86 63 59 34 85 
86 63 59 85 
86 63 59 36 
86 63 59 36 34 
86 63 59 36 34 85 
86 63 59 36 85 
86 63 39 
86 63 39 34 
86 63 39 34 85 
86 63 39 85 
86 53 
86 53 34 
86 53 34 85 
86 53 85 
86 53 36 
86 53 36 34 
86 53 36 34 85 
86 53 36 85 
86 53 59 
86 53 59 34 
86 53 59 34 85 
86 53 59 85 
86 53 63 
86 53 63 34 
86 53 63 34 85 
86 53 63 85 
86 24 
86 24 85 
86 24 34 
86 24 34 85 
86 24 36 
86 24 36 85 
86 24 36 34 
86 24 36 34 85 
86 67 
86 67 34 
86 67 34 85 
86 67 85 
86 67 59 
86 67 59 34 
86 67 59 34 85 
86 67 59 85 
86 76 
86 76 34 
86 76 34 85 
86 76 85 
86 76 67 
86 76 67 34 
86 76 67 34 85 
86 76 67 85 
86 76 59 
86 76 59 34 
86 76 59 34 85 
86 76 59 85 
86 2 
86 2 34 
86 2 34 85 
86 2 85 
86 2 39 
86 2 39 34 
86 2 39 34 85 
86 2 39 85 
86 2 59 
86 2 59 34 
86 2 59 34 85 
86 2 59 85 
86 2 63 
86 2 63 34 
86 2 63 34 85 
86 2 63 85 
86 1 
86 1 85 
86 1 34 
86 1 34 85 
86 1 36 
86 1 36 85 
86 1 36 34 
86 1 36 34 85 
86 1 24 
86 1 24 85 
86 1 24 34 
86 1 24 34 85 
86 56 
86 56 34 
86 56 34 85 
86 56 85 
86 56 36 
86 56 36 34 
86 56 36 34 85 
86 56 36 85 
86 56 39 
86 56 39 34 
86 56 39 34 85 
86 56 39 36 
86 56 39 36 34 
86 56 39 36 34 85 
86 56 39 36 85 
86 56 39 85 
86 3 
86 3 85 
86 3 34 
86 3 34 85 
86 23 
86 23 34 
86 23 34 85 
86 23 85 
86 23 36 
86 23 36 34 
86 23 36 34 85 
86 23 36 85 
86 23 59 
86 23 59 34 
86 23 59 34 85 
86 23 59 85 
86 28 
86 28 34 
86 28 34 85 
86 28 85 
86 28 2 
86 28 2 34 
86 28 2 34 85 
86 28 2 85 
86 52 
86 52 85 
86 52 34 
86 52 34 85 
86 10 
86 10 85 
86 10 34 
86 10 34 85 
86 10 36 
86 10 36 85 
34 
34 24 
34 2 
34 1 
34 1 24 
34 3 
34 23 
34 28 
34 28 2 
34 10 
90 
90 85 
90 34 
90 34 85 
90 86 
90 86 34 
90 86 34 85 
90 86 85 
90 36 
90 36 85 
90 36 34 
90 36 34 85 
90 36 86 
90 36 86 34 
90 36 86 34 85 
90 36 86 85 
90 39 
90 39 85 
90 39 34 
90 39 34 85 
90 39 86 
90 39 86 34 
90 39 86 34 85 
90 39 86 85 
90 39 36 
90 39 36 85 
90 39 36 34 
90 39 36 34 85 
90 39 36 86 
90 39 36 86 34 
90 39 36 86 34 85 
90 39 36 86 85 
90 59 
90 59 85 
90 59 34 
90 59 34 85 
90 59 86 
90 59 86 34 
90 59 86 34 85 
90 59 86 85 
90 59 36 
90 59 36 85 
90 59 36 34 
90 59 36 34 85 
90 59 36 86 
90 59 36 86 34 
90 59 36 86 34 85 
90 59 36 86 85 
90 53 
90 53 34 
90 53 34 85 
90 53 85 
90 53 86 
90 53 86 34 
90 53 86 34 85 
90 53 86 85 
90 53 36 
90 53 36 34 
90 53 36 34 85 
90 53 36 85 
90 53 36 86 
90 53 36 86 34 
90 53 36 86 34 85 
90 53 36 86 85 
90 53 59 
90 53 59 34 
90 53 59 34 85 
90 53 59 85 
90 53 59 86 
90 53 59 86 34 
90 53 59 86 34 85 
90 53 59 86 85 
90 63 
90 63 85 
90 63 34 
90 63 34 85 
90 63 86 
90 63 86 34 
90 63 86 34 85 
90 63 86 85 
90 63 36 
90 63 36 85 
90 63 36 34 
90 63 36 34 85 
90 63 36 86 
90 63 36 86 34 
90 63 36 86 34 85 
90 63 36 86 85 
90 63 59 
90 63 59 85 
90 63 59 34 
90 63 59 34 85 
90 63 59 86 
90 63 59 86 34 
90 63 59 86 34 85 
90 63 59 86 85 
90 63 59 36 
90 63 59 36 85 
90 63 53 
90 63 53 34 
90 63 53 34 85 
90 63 53 85 
90 63 53 86 
90 63 53 86 34 
90 63 53 86 34 85 
90 63 53 86 85 
90 24 
90 24 85 
90 24 34 
90 24 34 85 
90 24 86 
90 24 86 34 
90 24 86 34 85 
90 24 86 85 
90 24 36 
90 24 36 85 
90 24 36 34 
90 24 36 34 85 
90 24 36 86 
90 24 36 86 34 
90 24 36 86 34 85 
90 24 36 86 85 
90 67 
90 67 34 
90 67 34 85 
90 67 85 
90 67 86 
90 67 86 34 
90 67 86 34 85 
90 67 86 85 
90 76 
90 76 34 
90 76 34 85 
90 76 85 
90 76 86 
90 76 86 34 
90 76 86 34 85 
90 76 86 85 
90 1 
90 1 34 
90 1 34 85 
90 1 85 
90 1 86 
90 1 86 34 
90 1 86 34 85 
90 1 86 85 
90 1 36 
90 1 36 34 
90 1 36 34 85 
90 1 36 85 
90 1 36 86 
90 1 36 86 34 
90 1 36 86 34 85 
90 1 36 86 85 
90 1 24 
90 1 24 34 
90 1 24 34 85 
90 1 24 85 
90 1 24 86 
90 1 24 86 34 
90 1 24 86 34 85 
90 1 24 86 85 
90 2 
90 2 85 
90 2 34 
90 2 34 85 
90 2 86 
90 2 86 34 
90 2 86 34 85 
90 2 86 85 
90 2 39 
90 2 39 85 
90 2 39 34 
90 2 39 34 85 
90 2 39 86 
90 2 39 86 34 
90 2 39 86 34 85 
90 2 39 86 85 
90 2 59 
90 2 59 85 
90 56 
90 56 34 
90 56 34 85 
90 56 85 
90 56 86 
90 56 86 34 
90 56 86 34 85 
90 56 86 85 
90 56 36 
90 56 36 34 
90 56 36 34 85 
90 56 36 85 
90 56 36 86 
90 56 36 86 34 
90 56 36 86 34 85 
90 56 36 86 85 
90 56 39 
90 56 39 34 
90 56 39 34 85 
90 56 39 36 
90 56 39 36 34 
90 56 39 36 34 85 
90 56 39 36 85 
90 56 39 36 86 
90 56 39 36 86 34 
90 56 39 36 86 34 85 
90 56 39 36 86 85 
90 56 39 85 
90 56 39 86 
90 56 39 86 34 
90 56 39 86 34 85 
90 56 39 86 85 
90 3 
90 3 85 
90 3 34 
90 3 34 85 
90 3 86 
90 3 86 34 
90 3 86 34 85 
90 3 86 85 
36 
36 34 
36 1 
36 1 34 
36 24 
36 24 34 
36 23 
36 23 34 
36 10 
39 
39 34 
39 36 
39 36 34 
39 2 
39 2 34 
39 28 
39 28 2 
59 
59 34 
59 36 
59 36 34 
59 2 
59 2 34 
59 39 
59 39 34 
59 39 2 
59 23 
59 23 34 
59 53 
59 53 34 
63 
63 34 
63 36 
63 36 34 
63 59 
63 59 34 
63 59 36 
63 59 36 34 
63 2 
63 2 34 
63 39 
63 39 34 
63 53 
63 53 34 
24 
24 1 
53 
53 34 
53 36 
53 36 34 
67 
67 34 
67 59 
67 59 34 
76 
76 34 
76 67 
76 67 34 
76 59 
76 59 34 
2 
110 
110 85 
110 90 
110 90 85 
110 34 
110 34 85 
110 34 90 
110 34 90 85 
110 86 
110 86 34 
110 86 34 85 
110 86 85 
110 86 90 
110 86 90 34 
110 86 90 34 85 
110 86 90 85 
110 36 
110 36 85 
110 36 90 
110 36 90 85 
110 36 34 
110 36 34 85 
110 36 34 90 
110 36 34 90 85 
110 36 86 
110 36 86 34 
110 36 86 34 85 
110 36 86 85 
110 36 86 90 
110 36 86 90 34 
110 36 86 90 34 85 
110 36 86 90 85 
93 
93 85 
93 34 
93 34 85 
93 86 
93 86 34 
93 86 34 85 
93 86 85 
93 59 
93 59 85 
93 59 34 
93 59 34 85 
93 59 86 
93 59 86 34 
93 59 86 34 85 
93 59 86 85 
93 90 
93 90 85 
93 90 59 
93 90 59 85 
93 90 34 
93 90 34 85 
93 90 34 59 
93 90 34 59 85 
93 90 86 
93 90 86 34 
93 90 86 34 85 
93 90 86 85 
93 90 86 59 
93 90 86 59 34 
93 90 86 59 34 85 
93 90 86 59 85 
93 36 
93 36 85 
93 36 90 
93 36 90 85 
93 36 59 
93 36 59 85 
93 36 59 90 
93 36 59 90 85 
93 36 34 
93 36 34 85 
93 36 86 
93 36 86 34 
93 36 86 34 85 
93 36 86 85 
93 63 
93 63 85 
93 63 59 
93 63 59 85 
93 63 34 
93 63 34 85 
93 63 86 
93 63 86 34 
93 63 86 34 85 
93 63 86 85 
93 63 90 
93 63 90 85 
93 39 
93 39 85 
1 
56 
56 34 
56 36 
56 36 34 
56 39 
56 39 34 
56 39 36 
56 39 36 34 
3 
28 
28 2 
52 
52 34 
23 
10 
