85 
86 
34 
90 
36 
39 
59 
63 
24 
53 
67 
76 
2 
110 
93 
1 
56 
3 
28 
52 
23 
10 
6 
116 
94 
9 
38 
53 2 
90 23 
90 56 
90 3 
90 2 
36 23 
59 2 
59 23 
59 28 
59 39 
63 2 
63 28 
63 39 
67 2 
67 39 
76 2 
85 23 
93 23 
93 59 
93 63 
93 67 
110 85 
110 86 
36 1 
36 10 
67 36 
85 34 
90 36 
39 23 
34 23 
28 2 
34 24 
36 2 
39 3 
39 28 
39 34 
39 36 
110 90 
34 28 
63 23 
86 85 
86 2 
52 36 
93 2 
85 10 
76 67 
56 39 
86 39 
93 34 
93 36 
85 36 
63 36 
94 24 
116 86 
116 85 
93 39 
86 24 
86 10 
86 63 
93 85 
116 36 
85 67 
85 24 
110 53 
86 56 
90 52 
36 34 
23 2 
86 36 
63 59 
39 2 
86 28 
86 52 
85 53 
116 34 
86 6 
56 36 
90 59 
85 52 
85 39 
90 34 
85 9 
85 6 
52 39 
90 1 
36 24 
85 2 
86 1 
93 90 
53 34 
39 24 
67 53 
34 10 
76 34 
116 90 
67 59 
86 59 
90 6 
110 34 
85 59 
86 3 
52 34 
85 63 
85 1 
110 36 
110 24 
110 1 
34 6 
94 90 
34 2 
94 86 
67 63 
94 34 
90 38 
90 86 
90 85 
90 53 
85 3 
90 10 
86 38 
76 39 
86 53 
76 63 
85 38 
38 34 
59 36 
94 85 
34 1 
24 1 
53 36 
86 34 
85 56 
90 63 
76 53 
86 67 
90 76 
90 28 
36 6 
56 34 
86 76 
90 24 
85 76 
36 3 
76 59 
76 36 
59 53 
86 23 
34 3 
93 76 
63 34 
59 34 
93 86 
90 39 
85 28 
90 67 
67 34 
53 39 
63 53 
63 53 34 
53 39 34 
67 34 2 
90 67 34 
90 39 23 
90 39 34 
90 39 28 
93 86 59 
93 86 63 
93 86 2 
93 86 34 
93 86 85 
59 34 2 
59 34 28 
63 34 28 
93 76 34 
90 67 59 
59 53 34 
76 36 34 
76 59 34 
85 76 67 
85 76 63 
85 76 34 
90 24 1 
86 76 67 
86 76 63 
86 76 34 
90 28 2 
90 76 67 
90 76 63 
90 76 34 
86 67 34 
76 53 34 
90 63 23 
85 76 59 
90 63 2 
90 63 39 
90 63 34 
90 63 36 
85 56 34 
86 34 1 
86 76 59 
86 34 3 
86 34 10 
86 34 6 
86 34 24 
86 34 28 
53 36 34 
90 76 59 
94 85 24 
94 85 34 
86 67 59 
59 36 23 
59 36 34 
90 63 59 
85 38 34 
76 63 34 
86 53 2 
86 53 39 
86 53 34 
86 53 36 
85 67 34 
85 34 10 
90 59 2 
93 85 67 
86 63 2 
93 85 2 
85 56 36 
86 76 2 
116 90 85 
86 63 28 
86 85 10 
86 85 6 
59 53 36 
85 53 2 
39 36 2 
76 34 2 
76 59 36 
86 28 2 
86 67 2 
93 85 63 
39 34 2 
93 90 63 
93 90 85 
116 86 34 
85 76 36 
63 59 2 
86 36 2 
63 36 2 
86 36 24 
85 36 1 
85 36 2 
86 76 36 
85 36 6 
86 34 2 
85 36 34 
93 90 2 
93 36 2 
36 34 2 
90 67 36 
93 34 2 
86 39 3 
85 76 39 
86 39 2 
86 39 28 
63 53 36 
86 36 6 
90 39 36 
90 34 2 
90 85 59 
36 24 1 
85 67 53 
90 76 36 
90 34 1 
85 76 53 
63 39 36 
86 67 36 
59 36 2 
90 36 10 
85 67 2 
36 34 6 
86 85 63 
86 85 76 
86 85 1 
86 85 53 
93 86 36 
85 39 2 
86 85 3 
116 36 34 
86 85 39 
93 85 34 
63 23 2 
86 85 67 
34 28 2 
86 63 34 
93 39 2 
85 56 39 
63 34 23 
86 39 23 
110 90 1 
110 90 53 
110 90 86 
94 34 24 
85 52 34 
85 67 63 
86 63 53 
93 85 39 
93 63 59 
85 34 1 
93 59 2 
86 34 23 
86 63 59 
85 39 28 
90 86 85 
52 36 34 
86 85 24 
90 36 1 
93 39 34 
116 86 85 
63 39 34 
39 36 34 
56 39 36 
90 34 28 
110 85 1 
86 85 34 
36 23 2 
93 85 76 
85 34 2 
85 67 59 
110 86 53 
110 90 34 
39 28 2 
86 39 36 
110 34 24 
110 86 1 
39 23 2 
53 34 2 
59 39 28 
85 34 24 
85 24 1 
63 36 34 
56 36 34 
59 39 34 
90 36 23 
63 39 2 
93 59 39 
93 63 2 
93 36 34 
94 86 24 
63 39 28 
93 63 34 
116 85 34 
67 39 34 
90 36 2 
86 85 56 
110 90 24 
93 59 34 
85 36 3 
93 85 59 
85 36 24 
39 34 3 
86 63 39 
59 39 2 
63 39 23 
90 86 59 
110 85 34 
86 24 1 
110 85 53 
93 59 23 
93 67 34 
85 34 28 
90 23 2 
34 23 2 
110 85 24 
86 85 59 
110 86 34 
90 56 34 
93 23 2 
76 67 34 
86 36 1 
93 63 39 
39 34 23 
85 34 3 
90 56 36 
86 67 63 
110 36 24 
86 85 38 
85 23 2 
90 36 3 
110 86 24 
59 28 2 
59 23 2 
59 39 23 
56 39 34 
34 24 1 
86 39 34 
90 76 53 
93 90 36 
93 90 23 
67 36 34 
76 67 59 
86 85 52 
63 28 2 
86 67 39 
86 85 2 
85 63 59 
110 86 85 
93 86 76 
90 56 39 
90 36 34 
90 36 24 
85 67 39 
85 76 2 
93 86 39 
86 59 2 
90 86 63 
90 86 56 
110 53 36 
90 86 24 
110 53 34 
90 34 6 
90 85 63 
90 85 56 
90 85 76 
90 34 24 
86 56 39 
90 85 24 
86 56 34 
110 34 1 
90 52 34 
85 59 2 
90 52 36 
85 59 28 
90 86 52 
86 23 2 
90 85 52 
36 34 3 
36 34 1 
36 34 23 
86 36 34 
86 36 10 
85 63 2 
86 36 3 
63 59 53 
63 59 36 
63 59 34 
63 59 39 
63 34 2 
63 59 28 
63 59 23 
110 24 1 
86 52 39 
86 52 34 
90 39 2 
85 53 36 
85 53 34 
85 53 39 
85 28 2 
94 90 85 
90 86 10 
39 36 23 
90 59 53 
116 90 34 
90 59 36 
90 59 34 
90 59 39 
110 90 36 
90 59 23 
85 52 39 
85 52 36 
67 59 34 
85 39 34 
85 39 24 
90 86 67 
93 90 59 
85 39 3 
86 85 23 
90 34 10 
90 86 2 
36 34 24 
90 85 67 
90 86 1 
90 34 3 
86 85 36 
90 34 23 
52 39 36 
52 39 34 
90 63 53 
86 67 53 
93 90 39 
93 90 86 
93 90 34 
93 34 23 
59 39 36 
93 36 23 
86 76 53 
85 36 23 
94 90 34 
67 53 34 
63 36 23 
94 90 24 
116 86 36 
116 90 86 
67 63 34 
116 90 36 
116 85 36 
67 59 36 
93 39 23 
93 39 36 
86 59 53 
90 38 34 
86 59 36 
86 59 34 
86 59 39 
86 59 28 
86 59 23 
86 63 23 
93 59 36 
90 85 6 
86 63 36 
39 34 28 
90 85 2 
85 36 10 
85 59 53 
90 53 34 
85 59 36 
85 59 34 
93 63 36 
93 85 23 
86 76 39 
85 59 39 
93 85 36 
85 59 23 
90 53 2 
110 85 36 
85 67 36 
85 63 53 
86 38 34 
85 63 36 
85 63 34 
93 86 67 
110 86 36 
85 63 39 
85 63 28 
85 63 23 
67 63 59 
110 36 34 
110 36 1 
86 56 36 
90 67 53 
94 90 86 
93 63 23 
86 36 23 
110 90 85 
94 86 85 
59 34 23 
94 86 34 
93 86 23 
86 52 36 
90 86 53 
90 86 38 
90 86 36 
90 86 34 
90 67 63 
90 86 76 
90 86 3 
90 86 6 
90 86 28 
90 86 23 
90 86 39 
85 34 23 
36 34 10 
90 85 53 
90 85 38 
85 34 6 
90 85 36 
90 85 34 
90 85 10 
90 85 1 
90 85 28 
90 85 39 
90 85 3 
90 85 23 
90 36 6 
90 53 36 
90 53 39 
85 39 23 
85 39 36 
76 39 34 
86 85 28 
85 39 36 23 
85 39 36 34 
90 53 39 34 
90 53 36 34 
90 85 39 23 
90 85 39 34 
90 85 39 36 
90 85 34 23 
90 85 34 3 
90 85 34 28 
90 85 34 1 
90 85 34 10 
90 85 36 23 
90 85 36 10 
90 85 36 24 
90 85 38 34 
90 85 53 39 
90 85 53 34 
90 85 53 36 
90 86 39 23 
90 86 39 36 
90 86 76 63 
90 86 76 34 
90 86 76 36 
90 67 63 34 
90 86 34 23 
90 86 34 2 
90 86 34 6 
90 86 34 10 
90 86 34 24 
90 86 36 23 
90 86 36 3 
90 86 36 10 
90 86 36 24 
90 86 36 34 
90 86 53 39 
86 52 36 34 
59 34 23 2 
94 86 85 34 
110 90 85 34 
110 90 85 36 
94 90 86 24 
94 90 86 34 
94 90 86 85 
90 67 53 34 
86 56 36 34 
110 36 34 24 
67 63 59 34 
85 63 39 23 
85 63 39 28 
85 63 39 34 
85 63 39 36 
110 86 36 24 
110 86 36 34 
93 86 67 34 
85 63 34 28 
85 63 36 2 
85 63 36 23 
85 63 36 34 
85 67 36 34 
93 85 36 23 
85 59 39 23 
85 59 39 36 
86 76 39 34 
93 63 36 2 
93 63 36 23 
93 63 36 34 
85 59 34 23 
85 59 34 28 
85 59 36 2 
85 59 36 23 
85 59 36 34 
86 63 36 23 
86 63 36 34 
93 59 36 23 
86 59 39 23 
86 59 39 28 
86 59 39 36 
86 59 34 23 
86 59 34 28 
86 59 36 2 
86 59 36 23 
86 59 36 34 
86 59 53 36 
93 39 36 23 
116 85 36 34 
94 90 34 24 
90 86 76 59 
86 76 53 34 
59 39 36 2 
59 39 36 23 
59 39 36 34 
93 90 34 23 
93 90 86 36 
93 90 86 39 
93 90 86 23 
93 90 86 34 
93 90 86 63 
93 90 39 23 
93 90 39 34 
93 90 39 2 
93 90 39 36 
86 67 53 34 
90 63 53 36 
86 85 36 23 
86 85 36 1 
86 85 36 10 
90 85 67 34 
90 85 67 36 
90 85 67 63 
93 90 59 23 
93 90 59 34 
90 85 36 34 
93 90 59 36 
93 90 59 39 
90 86 67 36 
90 86 67 59 
90 86 67 63 
85 39 34 23 
85 36 34 10 
110 90 86 85 
90 63 53 34 
63 34 23 2 
85 56 39 34 
85 36 23 2 
86 63 34 2 
86 63 34 23 
86 63 34 28 
86 85 59 2 
90 63 59 36 
86 85 67 39 
86 85 67 34 
93 85 34 23 
93 85 34 2 
86 85 39 23 
86 85 39 28 
90 86 53 36 
93 86 36 23 
93 86 36 2 
86 85 59 36 
86 85 59 39 
110 90 86 24 
90 86 59 2 
86 85 34 10 
86 85 53 34 
86 85 53 36 
86 85 34 23 
86 85 63 23 
86 85 36 24 
86 85 63 28 
86 63 39 2 
86 85 36 6 
86 76 59 36 
90 63 39 36 
86 67 36 34 
86 85 67 2 
90 86 59 39 
90 85 63 23 
63 39 36 23 
63 39 36 34 
86 85 23 2 
85 76 59 36 
85 76 53 34 
93 90 34 2 
90 85 36 3 
85 67 53 34 
86 63 59 23 
90 86 67 34 
93 85 59 39 
90 85 59 53 
93 86 39 23 
90 39 36 23 
90 39 36 34 
86 85 53 2 
110 90 86 1 
93 36 34 2 
86 85 76 2 
86 85 56 36 
86 85 56 39 
90 34 23 2 
63 53 36 34 
86 39 23 2 
86 85 36 2 
93 86 36 34 
93 59 39 2 
90 86 85 53 
86 85 76 67 
86 85 63 2 
90 86 85 67 
59 39 34 2 
85 76 39 34 
90 86 34 3 
85 63 59 23 
85 36 34 23 
86 85 39 2 
93 90 59 2 
86 63 39 36 
85 36 34 6 
85 36 34 24 
85 67 63 59 
90 85 59 2 
93 90 86 59 
85 39 34 2 
93 85 59 36 
86 76 36 34 
86 85 59 23 
85 76 36 34 
86 85 67 53 
86 85 34 2 
63 39 36 2 
93 90 85 23 
93 90 85 34 
93 90 85 36 
93 90 85 39 
93 90 63 23 
93 90 63 34 
90 86 34 28 
90 67 36 34 
90 85 67 59 
93 59 34 2 
93 90 63 36 
93 90 63 39 
110 86 53 36 
90 36 34 10 
93 90 86 2 
93 85 63 23 
39 36 34 2 
93 85 63 34 
93 85 63 36 
93 85 63 39 
90 63 34 23 
93 39 34 2 
76 59 36 34 
86 85 63 53 
90 86 85 2 
90 39 36 2 
59 53 36 34 
86 39 28 2 
116 90 85 34 
116 90 85 36 
90 85 59 23 
110 86 24 1 
93 63 59 2 
85 59 39 28 
85 56 36 34 
90 85 28 2 
90 86 85 39 
93 85 67 34 
86 85 67 36 
86 39 36 23 
90 85 63 53 
93 63 34 23 
86 85 76 34 
85 36 34 1 
85 36 34 2 
86 85 63 34 
86 53 36 34 
86 85 63 36 
90 85 59 39 
86 85 36 3 
86 85 76 39 
85 76 63 34 
86 56 39 34 
90 85 24 1 
85 76 67 34 
90 39 34 2 
90 85 76 36 
90 59 36 23 
110 90 86 36 
63 39 28 2 
86 85 67 59 
90 85 59 34 
93 86 63 36 
93 86 59 23 
90 63 39 34 
93 86 63 2 
85 63 34 2 
93 90 86 85 
90 85 63 36 
90 36 34 6 
93 86 59 34 
63 34 28 2 
110 86 34 1 
90 39 34 23 
110 53 36 34 
110 90 85 24 
93 86 59 39 
93 86 85 59 
86 76 63 34 
93 86 85 23 
90 86 76 67 
86 63 39 28 
93 86 59 2 
86 56 39 36 
90 59 39 23 
90 85 59 36 
90 86 52 34 
93 34 23 2 
93 86 85 34 
90 86 67 53 
86 76 67 34 
59 34 28 2 
85 63 23 2 
94 90 85 24 
86 85 63 39 
85 59 23 2 
59 39 34 28 
86 85 53 39 
85 59 53 34 
90 85 56 36 
63 36 34 23 
86 85 39 36 
110 85 36 34 
116 90 86 85 
90 86 52 36 
86 85 36 34 
93 85 36 2 
90 34 24 1 
93 86 34 23 
86 63 53 34 
85 63 53 34 
90 85 52 36 
93 86 63 23 
63 59 39 2 
93 86 85 2 
85 63 39 2 
86 76 59 34 
110 85 36 24 
86 53 34 2 
86 85 28 2 
110 90 53 34 
86 85 39 34 
110 90 86 34 
85 67 63 34 
93 86 63 59 
85 39 34 28 
93 86 63 34 
93 59 23 2 
94 86 34 24 
85 76 59 34 
93 59 39 23 
110 90 36 24 
90 85 36 1 
86 34 24 1 
90 67 59 34 
93 86 85 39 
93 86 63 39 
90 76 36 34 
93 86 85 36 
85 34 28 2 
90 86 36 1 
90 76 67 34 
90 39 28 2 
90 59 34 23 
93 86 85 76 
90 86 85 52 
93 86 34 2 
93 86 85 67 
93 86 85 63 
86 36 23 2 
90 85 76 63 
90 36 34 1 
85 76 34 2 
63 59 34 2 
93 63 39 2 
93 63 59 23 
90 63 36 34 
90 36 24 1 
86 67 59 36 
86 76 34 2 
93 86 23 2 
90 63 36 23 
90 76 59 34 
63 59 39 36 
85 67 34 2 
90 76 63 34 
90 86 38 34 
90 86 56 34 
90 86 53 2 
90 86 36 2 
90 36 34 2 
86 67 34 2 
86 67 59 34 
86 36 34 6 
93 86 59 36 
86 39 36 2 
63 59 53 34 
90 59 36 34 
93 85 39 23 
90 63 59 34 
39 34 23 2 
90 63 39 2 
39 36 23 2 
90 86 28 2 
90 63 34 2 
86 53 39 34 
90 86 23 2 
110 85 24 1 
90 63 36 2 
59 36 34 23 
90 86 39 2 
90 63 59 53 
85 34 23 2 
90 63 59 23 
90 86 85 59 
90 59 36 2 
93 90 85 2 
90 59 23 2 
90 59 39 2 
90 86 85 23 
90 85 39 28 
90 85 53 2 
85 39 34 3 
93 90 63 2 
90 59 53 36 
90 85 34 6 
85 53 34 2 
90 85 76 53 
90 85 36 2 
93 85 63 59 
93 39 34 23 
36 34 23 2 
110 86 85 53 
90 85 34 2 
86 63 59 36 
90 59 34 2 
93 59 34 23 
86 36 34 2 
86 34 28 2 
90 86 85 36 
116 86 85 36 
93 85 59 23 
86 85 63 59 
93 90 63 59 
63 39 34 23 
90 86 36 6 
93 85 63 2 
90 34 28 2 
93 90 85 63 
93 90 85 59 
39 36 34 23 
90 86 76 53 
94 85 34 24 
90 85 39 2 
90 86 39 34 
85 52 39 36 
86 36 24 1 
90 85 23 2 
59 36 23 2 
59 36 34 2 
93 63 59 39 
86 63 28 2 
90 86 63 2 
59 39 34 23 
90 63 59 39 
90 86 63 53 
90 63 59 2 
110 90 85 53 
63 59 28 2 
85 39 23 2 
85 39 36 2 
93 36 34 23 
93 85 39 34 
93 39 36 2 
93 85 39 2 
93 63 59 34 
86 34 23 2 
86 59 34 2 
90 85 67 53 
86 36 34 23 
86 59 39 34 
86 63 59 34 
86 63 59 39 
86 63 59 2 
86 59 39 2 
116 86 36 34 
86 85 52 39 
86 59 28 2 
116 90 86 34 
86 85 52 36 
85 39 28 2 
90 86 85 38 
90 86 85 34 
90 86 85 24 
90 86 85 10 
90 86 85 1 
90 86 85 3 
86 59 23 2 
85 76 67 59 
90 86 85 6 
90 86 85 28 
86 63 23 2 
116 90 36 34 
86 85 76 53 
93 59 36 2 
63 59 36 23 
86 85 24 1 
93 90 36 2 
86 63 36 2 
86 76 67 59 
110 86 85 36 
90 86 85 76 
63 59 39 23 
90 86 24 1 
116 86 85 34 
93 90 23 2 
39 34 28 2 
93 39 36 34 
63 39 34 28 
63 39 34 2 
86 59 53 34 
90 56 39 36 
56 39 36 34 
90 53 34 2 
86 85 34 28 
86 85 34 24 
85 59 34 2 
86 85 34 6 
93 86 39 36 
86 85 34 3 
86 85 34 1 
93 85 76 34 
86 85 59 53 
90 86 63 39 
93 85 23 2 
90 86 63 36 
85 59 39 34 
85 67 59 36 
85 67 59 34 
85 59 39 2 
93 85 36 34 
110 86 53 34 
110 90 34 24 
110 90 34 1 
86 39 36 34 
90 85 63 39 
110 34 24 1 
90 85 56 39 
110 90 86 53 
59 39 28 2 
85 34 24 1 
63 36 34 2 
90 85 63 2 
85 63 28 2 
86 63 59 53 
86 85 67 63 
93 59 39 34 
93 63 34 2 
94 86 85 24 
85 59 28 2 
86 85 56 34 
110 90 24 1 
85 63 59 53 
85 36 34 3 
86 85 39 3 
93 85 59 34 
93 85 59 2 
86 36 34 1 
85 36 24 1 
86 63 39 34 
86 63 39 23 
90 59 39 36 
90 86 59 34 
63 59 36 2 
90 86 59 23 
110 85 34 24 
110 85 34 1 
110 85 53 34 
63 59 23 2 
90 86 53 34 
90 85 36 6 
86 85 59 34 
90 85 76 67 
110 86 85 1 
90 85 34 24 
86 85 59 28 
110 86 34 24 
86 85 76 63 
86 67 63 59 
36 34 24 1 
93 63 39 36 
93 63 39 34 
86 85 76 36 
90 56 36 34 
86 67 63 34 
86 85 38 34 
59 39 23 2 
86 39 34 28 
86 39 34 2 
86 39 34 3 
86 39 34 23 
90 76 53 34 
90 86 59 53 
85 56 39 36 
93 90 36 34 
93 90 36 23 
86 36 34 10 
76 67 59 34 
110 90 53 36 
86 85 52 34 
116 90 86 36 
86 67 39 34 
67 59 36 34 
85 63 59 36 
63 59 34 23 
85 63 59 34 
85 63 59 39 
85 63 59 28 
85 63 59 2 
86 63 53 36 
110 86 85 34 
110 86 85 24 
85 63 34 23 
90 86 85 63 
90 86 63 59 
93 85 39 36 
93 86 76 34 
93 63 59 36 
90 56 39 34 
90 36 34 24 
90 36 34 3 
90 36 34 23 
85 67 39 34 
93 86 39 34 
93 86 39 2 
90 86 63 34 
86 85 76 59 
90 86 63 23 
90 86 56 39 
93 59 36 34 
90 86 56 36 
90 85 63 59 
90 85 63 34 
85 59 53 36 
90 85 56 34 
90 85 76 59 
90 85 76 34 
90 52 36 34 
110 85 36 1 
85 63 53 36 
90 85 52 34 
86 36 34 24 
86 36 34 3 
110 86 36 1 
63 59 36 34 
110 36 34 1 
93 59 39 36 
63 59 39 34 
90 86 85 56 
86 52 39 34 
110 90 85 1 
85 53 36 34 
85 53 39 34 
94 90 85 34 
90 59 53 34 
90 86 34 1 
90 86 59 36 
90 59 39 34 
110 90 36 34 
110 90 36 1 
110 85 53 36 
85 52 39 34 
85 52 36 34 
110 85 53 36 34 
90 59 39 34 23 
90 86 59 36 23 
90 86 59 36 34 
94 90 85 34 24 
90 86 85 56 36 
90 86 85 56 39 
90 86 85 56 34 
63 59 39 34 23 
93 59 39 36 23 
63 59 36 34 23 
86 36 34 24 1 
85 59 53 36 34 
90 85 63 34 23 
90 85 63 59 23 
90 85 63 59 39 
90 85 63 59 34 
90 85 63 59 36 
90 86 56 36 34 
93 59 36 34 23 
90 86 56 39 34 
90 86 56 39 36 
110 90 36 34 1 
86 85 76 59 34 
86 85 76 59 36 
90 86 63 34 23 
93 86 39 34 23 
93 86 39 34 2 
93 63 59 36 23 
93 63 59 36 34 
93 85 39 36 23 
93 85 39 36 34 
90 86 63 59 39 
90 86 63 59 23 
90 86 63 59 34 
90 86 63 59 36 
90 86 85 63 39 
90 86 85 63 23 
90 86 85 63 2 
90 86 85 63 34 
90 86 85 63 36 
90 86 85 63 53 
110 86 85 34 24 
86 63 53 36 34 
85 63 59 39 23 
85 63 59 39 36 
85 63 59 34 23 
85 63 59 36 23 
110 90 53 36 34 
93 90 36 34 23 
85 56 39 36 34 
90 86 59 53 34 
90 86 59 53 36 
86 67 63 59 34 
90 85 76 67 34 
63 59 34 23 2 
86 85 59 34 23 
90 86 59 23 2 
90 86 59 34 23 
90 59 39 36 23 
90 59 39 36 34 
86 63 39 34 23 
86 63 39 34 28 
93 85 59 34 23 
85 63 59 53 34 
93 59 39 34 23 
86 85 67 63 34 
93 59 39 36 34 
90 86 85 63 59 
86 63 59 53 34 
110 90 86 53 34 
85 63 53 36 34 
110 90 86 53 36 
90 85 56 39 34 
90 85 56 39 36 
90 85 63 39 34 
90 85 63 39 36 
86 39 36 34 23 
93 85 36 34 23 
85 67 59 36 34 
85 59 39 34 2 
85 59 39 34 23 
90 86 63 36 23 
90 86 63 36 34 
86 85 59 53 34 
86 85 59 53 36 
93 86 39 36 23 
90 56 39 36 34 
93 39 36 34 23 
90 86 85 76 63 
90 86 85 76 36 
110 86 85 36 34 
86 76 67 59 34 
116 90 86 36 34 
86 85 76 53 34 
85 76 67 59 34 
90 86 85 34 23 
90 86 85 34 28 
90 86 85 34 3 
90 86 85 34 10 
90 86 85 38 34 
86 85 76 36 34 
86 85 67 63 59 
86 85 52 39 34 
86 85 76 63 34 
86 63 59 39 23 
86 63 59 39 36 
86 63 59 34 23 
86 59 39 34 23 
86 59 39 34 28 
90 85 67 53 34 
93 63 59 34 23 
93 85 39 34 23 
90 85 63 59 53 
110 90 85 53 34 
110 90 85 53 36 
90 63 59 39 34 
90 63 59 39 36 
93 63 59 39 36 
93 59 39 36 2 
90 86 63 59 53 
90 86 39 34 23 
90 86 76 53 34 
93 90 85 59 23 
93 90 85 59 34 
93 90 85 59 36 
93 90 85 59 39 
93 90 85 63 23 
93 90 85 63 34 
93 90 85 63 36 
93 90 85 63 39 
93 90 85 63 59 
93 90 63 59 23 
93 90 63 59 34 
90 85 76 59 34 
93 90 63 59 36 
93 90 63 59 39 
86 85 63 59 23 
86 85 63 59 39 
90 86 85 76 59 
86 85 63 59 34 
86 85 63 59 36 
110 90 34 24 1 
116 86 85 36 34 
90 86 85 36 23 
90 86 85 36 10 
90 86 85 36 34 
86 63 59 36 23 
86 63 59 36 34 
110 86 85 53 34 
90 86 63 39 34 
110 86 85 53 36 
93 85 63 59 23 
93 85 63 59 34 
93 85 63 59 36 
93 85 63 59 39 
90 85 76 53 34 
93 86 39 36 34 
90 86 85 59 39 
90 86 85 59 23 
85 63 59 39 2 
90 86 85 59 34 
90 86 85 59 36 
85 63 59 39 34 
90 86 85 59 53 
85 63 59 36 34 
59 36 34 23 2 
90 63 59 34 23 
90 59 36 34 23 
93 86 59 36 2 
93 86 59 36 23 
93 86 59 36 34 
63 59 39 36 23 
63 59 39 36 34 
86 67 59 36 34 
90 63 36 34 23 
90 85 76 63 34 
93 86 85 63 23 
93 86 85 63 34 
93 86 85 63 36 
93 86 85 63 39 
90 63 59 34 2 
86 63 39 34 2 
93 86 85 67 34 
90 86 85 52 36 
90 86 85 52 34 
90 86 63 53 36 
93 86 85 76 34 
90 86 63 53 34 
90 59 34 23 2 
93 85 59 34 2 
93 86 85 36 23 
93 86 85 36 34 
93 86 63 39 34 
93 86 85 39 23 
93 86 85 39 34 
93 86 85 39 36 
93 59 39 34 2 
90 85 36 34 23 
93 90 39 36 23 
86 85 59 39 23 
86 85 59 36 2 
86 85 59 36 23 
93 90 39 34 23 
93 90 86 34 23 
86 85 63 39 28 
93 90 86 39 23 
90 85 63 36 23 
86 85 59 28 2 
93 90 86 85 23 
59 39 36 34 23 
93 90 85 23 2 
86 85 67 39 34 
90 86 85 76 34 
90 86 63 59 2 
90 63 59 36 23 
93 86 85 36 2 
86 85 36 34 10 
90 63 59 36 34 
86 85 59 34 2 
90 86 85 36 3 
93 86 63 36 23 
93 85 36 34 2 
86 85 59 39 2 
110 90 86 85 34 
90 59 39 36 2 
86 85 39 23 2 
90 86 85 39 23 
86 59 39 36 23 
90 86 67 59 34 
90 86 59 39 23 
86 63 59 34 2 
86 85 63 28 2 
90 86 53 36 34 
90 86 67 36 34 
93 90 59 39 23 
93 90 59 39 36 
86 85 63 23 2 
86 63 36 34 23 
93 90 59 36 23 
93 90 59 36 34 
85 36 34 23 2 
90 86 85 76 67 
110 86 85 36 24 
85 63 59 23 2 
93 90 86 59 39 
86 85 34 23 2 
86 85 36 34 6 
90 85 59 39 23 
90 85 36 34 24 
86 85 34 24 1 
90 85 36 34 10 
85 59 36 34 23 
86 85 53 34 2 
86 85 34 28 2 
86 85 63 34 23 
90 85 67 63 34 
90 86 39 36 23 
90 85 67 36 34 
86 85 52 36 34 
110 90 86 85 24 
93 86 36 34 2 
93 86 85 63 59 
90 63 53 36 34 
85 59 39 36 23 
86 85 39 28 2 
93 90 39 36 34 
86 63 59 39 34 
93 90 86 85 63 
93 85 34 23 2 
85 63 36 34 23 
93 90 86 63 36 
93 90 59 39 2 
86 85 67 34 2 
93 90 86 63 23 
93 90 86 63 34 
93 90 59 39 34 
110 86 85 36 1 
90 86 85 53 39 
90 86 67 63 34 
90 63 59 36 2 
93 90 86 59 36 
90 86 85 34 6 
90 86 85 34 24 
93 90 86 39 34 
93 90 86 39 36 
86 63 34 28 2 
93 90 86 36 23 
93 90 86 36 34 
86 63 34 23 2 
85 63 39 36 23 
85 63 39 34 23 
93 85 59 39 2 
93 86 63 34 2 
90 86 76 59 34 
93 90 86 59 2 
93 90 63 34 23 
90 86 85 28 2 
93 86 63 59 2 
85 39 34 23 2 
86 39 36 34 2 
110 90 86 34 1 
86 59 53 36 34 
86 59 36 34 23 
90 86 85 76 53 
90 86 85 67 36 
93 85 63 36 23 
86 85 39 34 2 
93 85 63 34 23 
90 86 85 24 1 
93 90 59 36 2 
90 86 85 34 1 
90 85 36 34 2 
93 86 85 39 2 
93 90 59 34 2 
90 86 85 34 2 
86 59 39 36 34 
93 90 59 23 2 
110 90 85 24 1 
90 86 53 39 34 
90 86 36 34 3 
110 90 86 34 24 
93 86 85 34 2 
110 90 86 85 1 
90 85 34 28 2 
93 85 59 36 2 
86 85 59 39 28 
90 86 85 36 1 
93 85 63 39 36 
90 86 76 63 34 
90 86 36 34 23 
85 59 39 34 28 
90 86 39 36 34 
90 86 36 24 1 
90 85 34 23 2 
94 90 86 85 24 
90 85 53 34 2 
86 85 36 34 23 
86 85 36 34 24 
94 90 86 85 34 
110 85 36 34 24 
90 85 39 36 23 
93 90 63 36 23 
110 90 85 36 24 
90 85 39 34 23 
93 90 63 39 36 
85 39 36 23 2 
90 85 59 39 36 
93 86 85 34 23 
86 85 59 39 36 
86 59 36 23 2 
90 85 39 34 2 
90 86 34 24 1 
90 59 36 34 2 
86 59 36 34 2 
59 39 34 23 2 
90 86 34 23 2 
85 39 36 34 2 
90 85 59 34 2 
90 85 59 39 2 
90 85 39 36 34 
63 59 39 36 2 
86 85 59 39 34 
86 85 59 36 34 
90 85 39 36 2 
86 85 63 39 23 
93 63 59 34 2 
93 90 86 85 36 
90 86 36 34 1 
86 85 53 36 34 
90 85 36 34 1 
90 85 36 24 1 
86 85 39 36 23 
93 90 85 34 2 
86 85 36 23 2 
90 85 53 36 34 
86 76 59 36 34 
90 86 85 67 53 
93 90 63 36 2 
85 39 36 34 23 
93 90 86 23 2 
110 90 85 34 24 
93 86 59 39 36 
93 86 63 59 23 
93 86 85 23 2 
86 85 39 34 23 
93 90 86 34 2 
93 90 39 36 2 
86 63 59 39 2 
94 86 85 34 24 
110 90 85 36 34 
90 86 34 28 2 
86 39 34 28 2 
90 86 36 34 2 
90 86 85 59 2 
86 39 34 23 2 
90 86 36 34 24 
110 86 36 34 24 
90 85 36 34 3 
93 90 36 34 2 
93 86 63 34 23 
110 90 85 34 1 
93 59 34 23 2 
93 85 59 39 23 
90 86 85 23 2 
110 90 85 36 1 
90 85 39 28 2 
110 90 86 24 1 
86 85 63 39 2 
94 90 86 34 24 
85 59 39 36 34 
85 59 39 28 2 
90 86 85 36 24 
93 90 59 34 23 
86 85 63 39 36 
86 85 36 24 1 
86 85 39 36 2 
63 39 36 34 23 
85 63 59 36 2 
85 63 59 34 2 
93 85 63 59 2 
85 63 39 28 2 
85 63 39 34 2 
85 63 39 36 34 
86 85 36 34 2 
85 63 59 28 2 
85 63 39 36 2 
93 63 36 34 23 
93 90 85 59 2 
110 86 36 34 1 
93 90 34 23 2 
93 90 86 36 2 
86 85 63 59 53 
86 63 59 36 2 
85 63 34 28 2 
90 59 53 36 34 
116 90 86 85 36 
93 85 59 39 36 
90 86 39 34 2 
85 63 36 34 2 
90 86 85 36 2 
93 85 39 36 2 
90 85 63 34 2 
93 90 85 34 23 
86 36 34 23 2 
90 39 36 34 23 
93 85 59 23 2 
86 59 39 36 2 
93 90 85 36 23 
90 86 59 36 2 
86 59 39 34 2 
93 63 59 36 2 
85 59 39 23 2 
86 85 63 59 2 
93 90 86 63 59 
86 59 34 23 2 
93 90 85 39 23 
85 59 39 36 2 
86 59 34 28 2 
93 63 59 39 2 
90 59 39 34 2 
93 86 85 59 2 
93 90 63 59 2 
86 85 76 34 2 
85 59 34 23 2 
90 63 59 39 2 
86 63 39 36 23 
93 90 85 63 2 
90 86 36 34 10 
85 59 34 28 2 
86 85 63 34 2 
85 59 36 23 2 
93 86 36 34 23 
85 59 36 34 2 
93 86 59 23 2 
63 59 36 34 2 
93 90 86 59 23 
86 63 36 34 2 
59 39 36 23 2 
59 39 36 34 2 
93 85 39 34 2 
93 85 59 36 23 
63 59 39 34 2 
90 85 63 59 2 
90 86 85 36 6 
86 59 39 23 2 
110 90 86 85 53 
110 90 36 34 24 
90 86 59 39 34 
93 86 85 63 2 
90 86 36 34 6 
90 86 59 39 2 
90 86 85 39 36 
93 86 59 39 23 
90 86 59 34 2 
93 86 85 59 23 
85 76 59 36 34 
110 85 34 24 1 
90 85 63 53 36 
86 85 39 34 28 
90 85 63 39 2 
90 86 53 34 2 
86 63 59 23 2 
90 85 59 36 23 
110 90 86 36 1 
93 85 59 39 34 
86 85 67 59 36 
86 85 67 59 34 
90 85 59 53 36 
90 85 59 53 34 
86 39 36 23 2 
90 85 34 24 1 
110 86 34 24 1 
86 85 56 36 34 
86 85 63 36 2 
86 85 56 39 36 
86 85 56 39 34 
90 86 85 53 34 
93 59 36 34 2 
90 86 85 53 2 
86 85 76 67 34 
93 86 85 59 36 
90 86 85 67 63 
90 86 63 39 2 
90 86 85 67 59 
90 86 85 67 34 
93 90 86 85 39 
86 63 39 36 34 
93 86 85 59 39 
85 36 34 24 1 
90 63 59 53 34 
85 67 63 59 34 
93 90 86 59 34 
93 85 59 36 34 
86 85 59 23 2 
110 86 85 34 1 
93 86 59 39 2 
86 85 67 53 34 
110 86 85 24 1 
110 85 36 34 1 
93 90 85 36 2 
93 90 85 36 34 
93 90 85 39 2 
93 90 85 39 34 
86 85 36 34 1 
90 85 59 36 2 
90 36 34 24 1 
90 85 67 59 34 
93 90 63 36 34 
110 90 86 85 36 
110 86 53 36 34 
93 85 63 34 2 
93 85 63 36 34 
93 85 63 36 2 
93 85 63 39 34 
93 85 63 39 2 
93 86 63 59 36 
86 85 63 53 34 
39 36 34 23 2 
93 86 34 23 2 
116 90 85 36 34 
90 85 59 23 2 
90 86 85 39 34 
90 86 85 39 2 
86 85 67 36 34 
90 85 63 53 34 
85 63 39 34 28 
86 85 63 34 28 
85 39 34 28 2 
90 86 59 39 36 
86 85 63 36 34 
86 85 63 36 23 
90 85 59 39 34 
86 85 76 39 34 
90 85 76 36 34 
86 85 59 34 28 
110 90 86 36 34 
110 90 86 36 24 
85 63 34 23 2 
93 90 86 85 59 
90 85 59 34 23 
93 86 63 36 34 
90 63 39 34 2 
93 90 86 85 34 
93 90 86 85 2 
90 85 63 36 34 
90 85 63 36 2 
93 86 59 34 23 
93 86 59 34 2 
90 86 85 53 36 
93 86 59 39 34 
93 86 85 59 34 
90 86 63 34 2 
90 86 76 67 34 
86 56 39 36 34 
90 85 59 36 34 
90 86 67 53 34 
86 85 63 39 34 
86 85 53 39 34 
90 85 56 36 34 
86 85 39 36 34 
116 90 86 85 34 
93 90 85 39 36 
90 86 52 36 34 
90 85 36 34 6 
86 85 36 34 3 
86 85 76 67 59 
90 85 53 39 34 
90 85 52 36 34 
90 86 76 36 34 
86 85 39 34 3 
86 85 63 53 36 
93 86 63 59 34 
93 86 63 59 34 23 
86 85 63 53 36 34 
86 85 76 67 59 34 
93 90 85 39 36 23 
93 90 85 39 36 34 
86 85 39 36 34 23 
86 85 63 39 34 23 
86 85 63 39 34 28 
90 85 59 36 34 23 
93 86 85 59 34 23 
93 86 59 39 34 23 
90 86 85 53 36 34 
90 85 63 36 34 23 
93 90 86 85 34 23 
93 86 63 36 34 23 
93 90 86 85 59 36 
93 90 86 85 59 39 
93 90 86 85 59 23 
110 90 86 36 34 24 
90 85 59 39 34 23 
86 85 63 36 34 2 
86 85 63 36 34 23 
90 86 59 39 36 23 
90 86 59 39 36 34 
90 86 85 39 34 23 
93 86 63 59 36 23 
93 86 63 59 36 34 
93 85 63 36 34 23 
110 90 86 85 36 34 
93 90 63 36 34 23 
93 90 85 39 34 23 
93 90 85 36 34 23 
93 85 59 36 34 23 
93 90 86 59 34 23 
93 86 85 59 39 23 
93 86 85 59 39 34 
93 86 85 59 39 36 
86 63 39 36 34 23 
93 90 86 85 39 23 
93 90 86 85 39 34 
93 90 86 85 39 36 
90 86 85 67 59 34 
90 86 85 67 63 34 
93 86 85 59 36 23 
93 86 85 59 36 34 
86 85 56 39 36 34 
90 85 59 53 36 34 
93 85 59 39 34 23 
90 85 63 53 36 34 
90 86 85 39 36 23 
90 86 85 39 36 34 
90 86 59 39 34 23 
110 90 86 85 53 34 
110 90 86 85 53 36 
93 90 86 63 59 36 
93 90 86 63 59 23 
93 90 86 63 59 34 
110 90 86 85 36 1 
93 85 59 39 36 23 
93 85 59 39 36 34 
116 90 86 85 36 34 
86 85 63 59 53 34 
85 63 39 36 34 23 
86 85 63 39 36 23 
86 85 63 39 36 34 
93 86 63 59 34 2 
85 59 39 36 34 23 
90 86 36 34 24 1 
110 90 85 36 34 1 
93 86 59 39 36 23 
93 86 59 39 36 34 
110 90 85 34 24 1 
86 85 63 59 39 23 
93 90 63 59 36 23 
93 90 63 59 36 34 
86 85 67 59 36 34 
93 90 63 59 34 23 
93 90 85 63 59 23 
86 85 59 34 28 2 
93 90 85 63 59 34 
93 90 85 63 59 36 
93 86 59 36 34 23 
93 90 85 63 59 39 
93 90 85 63 39 36 
86 85 36 34 24 1 
93 90 85 63 36 23 
93 90 85 63 36 34 
93 90 85 63 34 23 
90 85 59 39 34 2 
93 90 86 85 59 2 
93 90 85 59 39 23 
93 90 85 59 39 34 
93 90 85 59 39 36 
93 90 85 59 36 23 
93 90 85 59 36 34 
93 90 85 59 34 23 
93 90 86 34 23 2 
86 85 59 36 23 2 
86 63 59 39 34 23 
90 86 85 63 53 36 
86 85 59 39 23 2 
93 90 39 36 34 23 
90 86 63 59 53 34 
93 86 85 63 59 23 
93 90 86 59 39 23 
93 86 85 39 34 2 
110 90 85 53 36 34 
90 86 85 53 34 2 
86 85 59 39 34 2 
90 85 63 59 53 34 
93 85 63 59 34 23 
86 85 63 39 34 2 
110 90 86 34 24 1 
86 63 59 39 36 23 
86 85 63 59 39 2 
86 85 63 59 23 2 
86 85 67 63 59 34 
93 90 63 59 36 2 
93 85 59 39 34 2 
90 59 39 36 34 23 
93 90 85 63 59 2 
93 90 85 63 36 2 
86 85 39 34 28 2 
90 85 63 59 39 36 
93 90 59 36 34 23 
93 90 85 59 39 2 
110 86 85 36 34 1 
93 90 85 59 36 2 
93 86 85 59 23 2 
93 90 85 36 34 2 
93 90 85 59 34 2 
93 90 59 39 36 23 
93 86 59 36 34 2 
90 86 85 76 36 34 
93 90 85 59 23 2 
90 86 85 76 63 34 
86 63 59 39 36 34 
90 86 85 56 39 36 
85 63 59 36 34 2 
85 63 59 39 36 23 
90 86 59 39 34 2 
85 63 59 39 34 2 
90 86 63 36 34 23 
90 86 85 59 23 2 
90 86 85 63 34 23 
90 86 63 59 36 23 
110 86 85 36 34 24 
93 85 63 59 36 2 
86 59 39 34 23 2 
90 86 63 59 34 23 
90 86 85 34 24 1 
93 85 63 59 34 2 
86 63 59 34 23 2 
90 63 59 36 34 23 
90 86 63 59 36 34 
90 86 63 59 39 34 
93 85 39 36 34 23 
90 85 63 59 34 2 
93 63 59 36 34 23 
86 85 39 34 23 2 
86 85 76 59 36 34 
90 86 56 39 36 34 
86 59 39 36 34 23 
85 39 36 34 23 2 
90 86 85 34 28 2 
90 86 59 53 36 34 
90 85 63 59 39 2 
93 90 63 59 39 36 
93 86 85 63 59 36 
90 85 63 59 36 2 
90 86 59 36 34 2 
86 85 63 59 36 23 
85 63 59 39 36 34 
86 85 63 59 39 34 
90 86 85 63 36 23 
90 85 63 59 34 23 
93 59 39 36 34 23 
90 86 85 56 36 34 
90 86 85 63 53 34 
86 85 63 59 39 36 
93 86 85 63 34 23 
90 85 63 59 36 23 
59 39 36 34 23 2 
93 90 86 85 63 36 
90 85 63 59 39 34 
93 86 59 34 23 2 
93 90 86 85 23 2 
90 85 59 34 23 2 
90 86 85 63 59 23 
90 86 85 56 39 34 
90 86 63 59 34 2 
90 86 39 36 34 23 
90 86 85 36 34 23 
93 86 59 39 34 2 
93 90 86 85 34 2 
93 85 63 59 39 2 
90 86 85 63 36 34 
90 86 59 36 34 23 
93 90 86 59 23 2 
90 86 85 34 23 2 
90 85 63 59 36 34 
93 86 85 59 34 2 
86 63 59 36 34 23 
90 86 85 63 39 2 
86 59 36 34 23 2 
90 86 85 63 34 2 
85 59 39 36 34 2 
94 90 86 85 34 24 
90 86 85 36 24 1 
110 86 85 34 24 1 
93 85 63 59 36 23 
90 86 85 63 59 36 
86 85 59 53 36 34 
93 90 59 34 23 2 
93 86 39 36 34 23 
85 63 59 39 36 2 
90 86 85 59 39 23 
93 90 85 39 36 2 
85 63 59 34 23 2 
90 86 85 63 59 34 
90 86 85 59 34 23 
110 90 86 85 34 1 
90 85 59 39 36 23 
90 86 85 59 36 23 
90 86 85 63 59 2 
85 63 59 39 34 23 
86 85 59 39 36 23 
90 86 85 59 53 36 
90 86 85 63 59 53 
85 63 59 36 34 23 
86 85 59 34 23 2 
93 90 85 34 23 2 
90 85 63 39 34 2 
90 86 59 34 23 2 
86 39 36 34 23 2 
86 85 63 59 34 2 
63 59 39 36 34 23 
93 90 86 59 36 2 
90 85 39 36 34 23 
85 59 39 36 23 2 
93 85 59 34 23 2 
93 86 85 36 34 23 
85 59 39 34 23 2 
93 90 86 36 34 2 
86 85 59 39 34 23 
86 85 59 36 34 23 
86 63 59 39 34 2 
90 86 85 36 34 2 
93 85 63 59 39 36 
93 86 85 39 34 23 
93 85 59 39 36 2 
85 59 36 34 23 2 
93 86 85 63 36 23 
93 86 85 39 36 23 
86 63 59 36 34 2 
90 86 85 63 59 39 
90 86 85 59 39 36 
93 90 86 85 36 23 
90 86 63 39 34 2 
93 86 85 59 36 2 
86 85 63 34 23 2 
90 86 85 76 59 34 
93 90 86 85 63 23 
86 85 63 59 34 23 
86 85 63 59 36 34 
86 85 63 59 36 2 
90 86 85 36 34 24 
90 86 85 36 34 1 
93 90 86 63 34 23 
86 85 59 39 36 2 
93 90 59 39 34 23 
86 59 39 36 23 2 
90 85 36 34 24 1 
110 86 85 53 36 34 
90 85 59 36 34 2 
93 90 86 59 36 23 
93 85 63 59 36 34 
93 90 86 39 34 23 
93 90 86 59 39 36 
93 90 86 39 36 23 
86 85 39 36 34 2 
93 90 59 39 36 2 
93 86 85 59 39 2 
90 86 85 59 39 34 
90 86 85 59 39 2 
93 90 86 36 34 23 
110 90 86 85 24 1 
86 85 59 36 34 2 
90 86 85 59 34 2 
93 90 86 59 34 2 
90 86 85 59 36 34 
90 86 85 59 36 2 
93 85 59 36 34 2 
86 85 63 34 28 2 
90 86 85 59 53 34 
93 90 86 85 36 2 
110 90 86 36 34 1 
93 86 85 63 34 2 
110 90 86 85 36 24 
93 86 85 63 36 34 
90 86 85 36 34 10 
93 86 85 63 39 34 
90 86 85 52 36 34 
90 86 63 53 36 34 
110 90 85 36 34 24 
90 86 85 39 34 2 
93 86 85 36 34 2 
86 85 59 39 34 28 
93 86 85 39 36 34 
110 90 86 85 34 24 
86 59 39 36 34 2 
93 90 59 39 36 34 
93 90 59 36 34 2 
90 86 85 76 67 34 
93 90 86 59 39 34 
90 86 85 36 34 3 
93 90 86 85 63 59 
93 86 85 63 59 34 
93 86 85 63 59 2 
90 85 59 39 36 2 
93 90 86 85 63 34 
90 86 85 36 34 6 
93 86 85 34 23 2 
93 90 86 63 36 34 
93 90 86 63 36 23 
90 86 85 53 39 34 
93 90 86 59 36 34 
93 90 86 39 36 34 
90 86 85 76 53 34 
90 86 85 67 36 34 
86 85 36 34 23 2 
90 86 85 63 39 34 
90 85 59 39 36 34 
86 85 59 39 36 34 
93 90 86 85 36 34 
86 85 39 36 23 2 
110 90 86 53 36 34 
93 90 86 85 59 34 
90 86 85 67 53 34 
90 85 56 39 36 34 
93 90 86 85 59 34 2 
93 90 86 85 36 34 2 
86 85 59 39 36 34 2 
93 90 86 59 36 34 2 
93 86 85 63 59 34 2 
93 90 86 85 63 59 34 
90 86 85 59 39 34 2 
93 90 86 59 39 36 34 
93 85 63 59 36 34 23 
90 86 85 36 34 24 1 
90 86 85 59 39 36 23 
90 86 85 59 39 36 34 
90 86 85 63 59 39 34 
86 85 59 39 34 23 2 
90 86 85 63 59 53 34 
90 86 85 59 53 36 34 
86 85 59 39 36 23 2 
90 86 85 59 34 23 2 
90 86 85 63 59 34 2 
93 90 85 59 36 34 2 
93 90 85 59 39 36 2 
90 86 85 63 59 34 23 
85 59 39 36 34 23 2 
93 90 85 63 59 36 2 
93 90 85 63 59 36 34 
93 90 63 59 36 34 23 
93 90 86 85 63 59 36 
93 90 86 85 63 36 34 
110 90 86 85 34 24 1 
93 86 85 59 36 34 2 
86 85 63 59 39 36 34 
93 90 86 85 59 39 36 
93 90 86 63 59 34 23 
93 90 86 85 39 36 34 
93 90 86 85 59 34 23 
90 85 59 39 36 34 23 
93 90 85 39 36 34 23 
90 86 85 63 59 36 34 
93 90 86 85 36 34 23 
93 90 85 59 34 23 2 
93 90 86 39 36 34 23 
86 85 59 39 36 34 23 
93 86 85 59 39 34 2 
86 85 63 59 34 23 2 
110 90 86 85 36 34 24 
93 90 86 63 36 34 23 
110 90 86 85 53 36 34 
90 85 63 59 36 34 23 
93 90 86 85 59 39 34 
86 85 63 59 36 34 23 
93 90 86 85 59 36 34 
93 86 63 59 36 34 23 
93 90 86 85 59 39 23 
93 86 85 63 36 34 23 
110 90 86 85 36 34 1 
93 90 86 85 59 23 2 
93 90 86 59 39 34 23 
93 90 86 85 63 59 23 
90 86 85 56 39 36 34 
93 86 85 63 59 36 34 
93 90 86 85 59 36 23 
93 90 86 85 39 34 23 
93 86 85 59 36 34 23 
86 85 63 59 36 34 2 
90 86 85 63 36 34 23 
90 86 59 39 36 34 23 
93 90 59 39 36 34 23 
93 90 86 85 34 23 2 
93 90 86 63 59 36 34 
90 86 85 59 36 34 2 
93 86 85 59 39 34 23 
93 86 85 59 39 36 23 
93 86 85 59 39 36 34 
93 90 85 63 59 36 23 
93 90 86 85 39 36 23 
90 86 85 63 39 34 2 
90 86 85 63 59 36 23 
93 90 86 59 34 23 2 
93 90 85 63 36 34 23 
90 86 85 39 36 34 23 
93 90 85 59 39 36 34 
93 90 85 59 39 36 23 
93 90 85 59 36 34 23 
93 90 86 63 59 36 23 
90 86 85 63 53 36 34 
93 85 59 39 36 34 23 
86 85 63 39 36 34 23 
93 86 59 39 36 34 23 
93 90 85 63 59 34 23 
93 90 85 59 39 34 23 
90 86 85 59 39 34 23 
86 85 63 59 39 34 2 
90 86 85 59 36 34 23 
86 59 39 36 34 23 2 
93 90 86 59 39 36 23 
90 86 63 59 36 34 23 
93 86 85 59 34 23 2 
93 90 85 63 59 39 36 
93 86 85 39 36 34 23 
86 85 59 36 34 23 2 
93 90 86 85 59 36 2 
93 86 85 63 59 36 23 
93 86 85 63 59 34 23 
86 85 63 59 39 34 23 
86 85 39 36 34 23 2 
93 90 86 85 63 34 23 
86 63 59 39 36 34 23 
93 90 86 59 36 34 23 
93 90 86 85 63 36 23 
85 63 59 39 36 34 23 
86 85 63 59 39 36 23 
93 90 85 59 39 36 34 23 
93 86 85 59 39 36 34 23 
93 90 86 85 59 34 23 2 
93 90 86 63 59 36 34 23 
93 90 86 59 39 36 34 23 
93 90 86 85 63 59 34 23 
93 90 86 85 59 39 36 23 
93 90 86 85 63 59 36 34 
90 86 85 63 59 36 34 23 
90 86 85 59 39 36 34 23 
93 90 86 85 59 36 34 2 
93 90 85 63 59 36 34 23 
86 85 59 39 36 34 23 2 
93 90 86 85 63 36 34 23 
93 90 86 85 63 59 36 23 
93 90 86 85 59 39 36 34 
86 85 63 59 39 36 34 23 
93 90 86 85 39 36 34 23 
93 86 85 63 59 36 34 23 
93 90 86 85 59 39 34 23 
93 90 86 85 59 36 34 23 
93 90 86 85 63 59 36 34 23 
93 90 86 85 59 39 36 34 23 
