85 
86 
34 
90 
36 
39 
59 
63 
24 
53 
67 
76 
2 
110 
93 
1 
56 
3 
28 
52 
23 
10 
90 67 
90 86 
93 90 
110 90 
34 1 
90 85 
24 1 
34 23 
59 2 
59 23 
90 3 
59 34 
59 39 
63 2 
63 34 
63 39 
67 34 
63 36 
36 34 
39 28 
39 36 
86 34 
90 53 
76 67 
90 1 
53 36 
86 3 
36 23 
56 34 
90 2 
56 36 
34 10 
90 63 
86 67 
59 36 
56 39 
85 10 
85 36 
86 56 
63 53 
86 85 
34 28 
39 34 
86 53 
85 53 
86 52 
90 24 
86 28 
90 36 
67 59 
93 86 
39 2 
93 85 
90 34 
85 39 
85 24 
86 23 
93 39 
93 34 
90 39 
93 36 
86 39 
90 56 
110 36 
53 34 
86 1 
85 2 
36 24 
86 10 
85 52 
63 59 
86 36 
85 3 
86 2 
85 56 
85 34 
36 10 
34 24 
36 1 
34 3 
85 76 
34 2 
90 76 
86 59 
28 2 
76 59 
110 86 
110 85 
85 28 
59 53 
93 63 
86 76 
90 59 
86 63 
93 59 
85 67 
85 63 
110 34 
85 59 
85 23 
86 24 
76 34 
85 1 
52 34 
86 24 1 
85 59 53 
85 59 23 
85 59 34 
85 59 36 
85 59 39 
85 63 53 
85 63 34 
85 63 36 
85 63 39 
85 67 34 
93 59 34 
93 59 36 
86 63 53 
86 63 34 
86 63 36 
86 63 39 
90 59 34 
90 59 53 
90 59 36 
86 76 34 
93 63 34 
59 53 34 
110 85 34 
110 86 34 
110 86 85 
76 59 34 
86 59 53 
86 59 23 
86 59 34 
86 59 36 
86 59 39 
90 76 34 
85 76 34 
34 24 1 
85 34 1 
85 34 23 
85 34 3 
85 34 10 
85 34 28 
85 56 34 
85 56 36 
85 56 39 
86 36 1 
86 36 10 
86 36 34 
63 59 34 
86 67 34 
86 67 59 
90 63 53 
90 63 59 
85 53 36 
86 34 24 
93 90 63 
93 86 36 
86 34 2 
110 90 85 
93 90 86 
90 85 59 
85 36 23 
86 34 3 
110 90 86 
93 90 85 
90 63 34 
86 39 36 
90 86 85 
39 28 2 
90 53 34 
90 85 63 
86 85 56 
86 85 23 
93 85 59 
93 86 63 
90 67 34 
59 34 23 
90 86 2 
59 39 34 
86 85 36 
63 34 2 
90 86 59 
86 34 1 
39 36 34 
63 59 36 
90 86 53 
36 34 23 
90 53 36 
110 85 36 
86 85 1 
90 85 53 
90 86 1 
86 85 59 
90 85 2 
90 86 3 
59 34 2 
53 36 34 
90 85 24 
76 67 34 
110 86 36 
90 86 56 
36 34 24 
90 85 1 
90 63 36 
90 86 67 
56 36 34 
90 86 63 
90 39 36 
86 34 23 
90 85 3 
86 85 52 
90 85 39 
86 63 59 
90 85 67 
93 86 59 
86 34 28 
63 39 34 
93 90 59 
90 85 56 
93 85 36 
36 34 1 
86 53 36 
86 76 59 
90 85 34 
85 36 10 
90 86 34 
90 86 39 
59 39 2 
90 36 24 
90 34 2 
93 90 34 
86 36 23 
85 36 24 
85 39 2 
110 90 34 
93 63 59 
86 34 10 
86 85 24 
63 36 34 
93 86 85 
86 85 63 
90 86 24 
59 36 34 
90 86 76 
56 39 34 
86 85 10 
85 34 2 
85 36 34 
90 86 36 
85 36 1 
90 56 36 
86 56 39 
86 56 36 
86 56 34 
90 85 76 
93 90 36 
90 34 24 
63 53 34 
110 90 36 
90 85 36 
86 85 39 
86 85 34 
86 85 3 
85 76 67 
86 85 2 
86 85 76 
86 85 67 
86 85 53 
34 28 2 
86 85 28 
39 34 2 
86 53 34 
85 53 34 
86 59 2 
86 52 34 
85 76 59 
90 24 1 
86 28 2 
90 36 34 
90 36 1 
67 59 34 
85 28 2 
93 86 34 
93 85 39 
93 85 34 
93 85 63 
90 34 1 
90 34 3 
90 59 2 
85 39 36 
85 39 34 
86 36 24 
85 39 28 
86 63 2 
85 24 1 
86 76 67 
85 63 2 
85 34 24 
90 39 2 
85 59 2 
90 39 34 
93 36 34 
85 67 59 
86 39 34 
85 63 59 
86 39 2 
90 56 34 
90 56 39 
110 36 34 
85 52 34 
56 39 36 
56 39 36 34 
90 56 39 34 
90 56 39 36 
85 63 59 34 
85 63 59 36 
85 67 59 34 
90 39 34 2 
85 34 24 1 
86 76 67 34 
85 39 36 34 
93 85 63 34 
93 85 63 59 
90 36 34 1 
85 76 59 34 
86 85 28 2 
86 85 53 34 
86 85 53 36 
86 85 67 34 
86 85 76 34 
85 76 67 34 
86 85 34 1 
86 85 34 23 
86 85 34 3 
86 85 34 24 
86 85 34 28 
86 85 39 2 
86 85 39 34 
86 85 39 36 
90 85 36 1 
90 85 36 34 
90 85 36 24 
110 90 36 34 
86 85 67 59 
86 85 76 59 
90 34 24 1 
90 85 76 34 
86 85 56 39 
90 85 63 34 
90 86 85 2 
90 86 85 3 
90 86 85 34 
90 86 85 76 
86 39 36 34 
93 90 85 34 
110 90 86 34 
90 85 59 34 
93 90 86 34 
93 90 85 63 
110 90 85 34 
93 86 36 34 
90 85 63 53 
86 34 24 1 
85 53 36 34 
90 86 85 24 
90 63 59 34 
90 86 85 53 
90 63 53 34 
86 67 59 34 
90 85 59 53 
90 86 85 63 
86 36 34 1 
90 86 85 56 
85 56 39 34 
85 56 36 34 
85 34 28 2 
93 86 85 36 
90 36 34 24 
90 85 63 59 
86 85 63 36 
85 59 34 23 
90 59 53 34 
85 59 39 34 
85 63 39 34 
86 85 59 2 
85 59 36 34 
93 90 86 59 
85 63 36 34 
90 85 59 2 
86 63 34 2 
93 90 85 59 
86 63 36 34 
90 86 39 36 
85 63 53 34 
85 59 53 34 
90 86 85 1 
86 63 39 34 
86 56 39 34 
86 36 34 24 
90 56 36 34 
85 63 34 2 
86 85 63 39 
90 86 85 59 
90 86 76 34 
85 59 34 2 
86 56 36 34 
90 85 56 36 
85 59 39 2 
90 86 85 67 
90 86 36 34 
86 85 63 34 
86 59 34 2 
86 63 53 34 
90 59 36 34 
86 56 39 36 
90 86 85 39 
86 59 36 34 
86 59 53 34 
110 86 85 34 
86 59 39 34 
86 85 56 34 
86 59 34 23 
90 86 63 59 
93 85 59 34 
90 86 34 24 
93 86 63 34 
110 90 86 85 
86 85 36 34 
86 85 36 24 
86 85 36 10 
86 85 36 23 
86 85 36 1 
90 86 59 53 
90 86 59 34 
86 34 28 2 
86 85 34 2 
63 59 36 34 
85 56 39 36 
90 86 53 34 
90 53 36 34 
86 36 34 23 
93 86 85 63 
110 85 36 34 
90 85 53 34 
86 85 59 39 
86 85 59 36 
86 85 59 34 
90 86 39 2 
86 85 59 53 
90 85 24 1 
110 86 36 34 
86 85 76 67 
90 86 56 34 
90 86 56 39 
90 63 36 34 
90 86 67 34 
90 86 63 53 
90 86 63 36 
90 86 63 34 
86 85 63 2 
90 85 34 24 
90 39 36 34 
110 86 85 36 
86 85 52 34 
85 39 34 2 
90 85 39 2 
90 85 39 34 
86 63 59 34 
85 39 28 2 
90 85 67 34 
93 85 59 36 
93 86 59 34 
93 90 59 36 
93 90 59 34 
90 85 56 34 
90 85 56 39 
93 85 36 34 
86 53 36 34 
86 85 34 10 
90 86 59 36 
86 76 59 34 
86 39 34 2 
90 85 34 1 
90 85 34 3 
90 85 34 2 
90 86 34 3 
90 86 34 1 
90 86 34 2 
90 86 53 36 
90 86 39 34 
90 85 53 36 
93 86 85 59 
93 90 86 85 
85 36 34 24 
86 85 63 59 
90 63 59 36 
86 85 59 23 
86 85 24 1 
110 90 85 36 
93 86 85 34 
90 86 56 36 
90 85 59 36 
86 85 63 53 
90 86 24 1 
110 90 86 36 
93 90 85 36 
90 86 85 36 
85 36 34 23 
85 36 34 1 
90 86 36 24 
90 86 36 1 
90 85 63 36 
86 85 56 36 
90 85 39 36 
86 63 59 36 
86 63 59 36 34 
90 85 39 36 34 
86 85 56 36 34 
90 85 63 36 34 
90 86 85 36 1 
90 86 85 36 24 
90 86 85 36 34 
110 90 86 36 34 
86 85 63 53 34 
90 85 59 36 34 
90 86 56 36 34 
110 90 85 36 34 
86 85 63 59 34 
86 85 63 59 36 
93 90 86 85 34 
93 90 86 85 59 
93 86 85 59 34 
90 86 36 34 24 
90 86 39 36 34 
93 90 85 59 34 
93 90 86 59 34 
86 85 63 36 34 
90 85 63 59 34 
86 85 59 34 23 
93 86 85 36 34 
90 86 85 56 39 
90 86 85 56 34 
90 85 56 39 36 
90 86 85 63 34 
90 85 59 53 34 
90 86 85 53 34 
90 86 85 24 1 
90 85 63 53 34 
90 86 85 63 53 
86 85 34 24 1 
86 85 63 34 2 
86 85 34 28 2 
90 86 85 63 59 
90 86 85 34 3 
90 85 53 36 34 
85 63 59 36 34 
90 86 85 39 2 
90 86 85 34 1 
90 86 53 36 34 
90 86 85 34 2 
86 85 76 59 34 
86 85 53 36 34 
86 85 76 67 34 
90 86 56 39 34 
86 85 39 34 2 
90 85 56 39 34 
90 85 36 34 1 
90 86 85 34 24 
90 56 39 36 34 
86 85 59 53 34 
90 86 63 36 34 
90 86 59 36 34 
90 86 56 39 36 
86 85 39 36 34 
90 85 36 34 24 
86 85 67 59 34 
90 86 63 53 34 
86 85 56 39 34 
90 86 85 76 34 
86 85 63 39 34 
90 86 85 59 53 
90 86 85 59 34 
90 85 56 36 34 
90 86 85 53 36 
90 86 85 67 34 
90 86 36 34 1 
86 85 36 34 24 
86 85 59 34 2 
86 56 39 36 34 
90 86 85 39 34 
90 86 63 59 34 
90 86 34 24 1 
110 90 86 85 34 
86 85 56 39 36 
86 85 36 34 1 
90 86 59 53 34 
90 85 39 34 2 
85 56 39 36 34 
93 86 85 63 34 
90 86 85 59 36 
86 85 59 39 34 
86 85 59 36 34 
90 86 85 63 36 
90 86 85 56 36 
90 86 39 34 2 
90 86 85 39 36 
90 85 63 59 36 
90 85 34 24 1 
110 86 85 36 34 
110 90 86 85 36 
86 85 36 34 23 
93 90 85 59 36 
110 90 86 85 36 34 
90 86 85 56 39 34 
90 85 56 39 36 34 
90 86 85 56 39 36 
93 90 86 85 59 34 
86 85 63 59 36 34 
90 86 85 36 34 1 
90 86 85 36 34 24 
90 86 85 63 59 34 
90 86 85 63 53 34 
90 86 85 34 24 1 
90 86 56 39 36 34 
90 86 85 59 53 34 
90 86 85 53 36 34 
90 86 85 39 34 2 
86 85 56 39 36 34 
90 86 85 59 36 34 
90 86 85 63 36 34 
90 86 85 56 36 34 
90 86 85 39 36 34 
90 86 85 56 39 36 34 
